004007000120000700060100080046780009009000004530690010000432500000000000000000008
:0000:x:004007000120000700060100080+24678+1+3+590+1900000453069+4010000432500000000000000000008:626 257 258 771 773 781 881 882 783 883 585 685 791 793 595 695::
.-----------------.------------------.----------------------.
| 389   589  4    | 23589  256  7    | 1269   2369    12356 |
| 1     2    358  | 3589   456  3589 | 7      3469    356   |
| 379   6    357  | 1      245  359  | 249    8       235   |
:-----------------+------------------+----------------------:
| 2     4    6    | 7      8    1    | 3      5       9     |
| 78    1    9    | 235    25   35   | 68     67      4     |
| 5     3    78   | 6      9    4    | 28     1       27    |
:-----------------+------------------+----------------------:
| 689   789  18   | 4      3    2    | 5      679     167   |
| 3469  579  1235 | 589    17   5689 | 12469  234679  12367 |
| 3469  579  1235 | 59     17   569  | 12469  234679  8     |
'-----------------'------------------'----------------------'

