000600504470509100000000000708003040000005000090018600031700290050000006200000000
:0000:x:00060050447050910000+50+4000+97+18+2+63+94+5+300+9+75+800+59+2+418600+6317+5+429+805000000620000+60+50:::
.---------------.----------------.-----------------.
| 189  28   39  | 6    238   127 | 5    2378   4   |
| 4    7    36  | 5    238   9   | 1    2368   23  |
| 18   268  5   | 138  4     127 | 37   23678  9   |
:---------------+----------------+-----------------:
| 7    1    8   | 2    6     3   | 9    4      5   |
| 3    46   46  | 9    7     5   | 8    12     12  |
| 5    9    2   | 4    1     8   | 6    37     37  |
:---------------+----------------+-----------------:
| 6    3    1   | 7    5     4   | 2    9      8   |
| 89   5    479 | 138  2389  12  | 347  137    6   |
| 2    48   479 | 138  389   6   | 347  5      137 |
'---------------'----------------'-----------------'

