900007068020000903004000000200000400060080002803900710000005097307600001000000000
:0000:x:900007068+7200009+430040000+7+52+700004+8+906+9+78000280390071+6000005097307600001+5000+7000+4:114 514 115 515 123 523 134 135 136 356 173 277 287 193 297::
.---------------.--------------------.------------.
| 9    135  15  | 234    234   7     | 12   6   8 |
| 7    2    68  | 158    156   168   | 9    4   3 |
| 16   138  4   | 238    2369  23689 | 12   7   5 |
:---------------+--------------------+------------:
| 2    7    15  | 135    1356  136   | 4    8   9 |
| 14   6    9   | 7      8     14    | 35   35  2 |
| 8    45   3   | 9      245   24    | 7    1   6 |
:---------------+--------------------+------------:
| 146  148  268 | 12348  1234  5     | 368  9   7 |
| 3    489  7   | 6      249   2489  | 58   25  1 |
| 5    189  268 | 1238   7     12389 | 368  23  4 |
'---------------'--------------------'------------'

