007000004042000980009003600983052000000010000074360500000800000005020000000009030
:0000:x:+807+2+900040420+70980+5+19+4+836+2+7983+752000+2+5+6+91+40+70+17436+85+9+200+18+3000000502000000+80+49030:::
.--------------.-------------.-----------------.
| 8     36   7 | 2    9  156 | 13    15   4    |
| 36    4    2 | 156  7  156 | 9     8    135  |
| 5     1    9 | 4    8  3   | 6     2    7    |
:--------------+-------------+-----------------:
| 9     8    3 | 7    5  2   | 14    146  16   |
| 2     5    6 | 9    1  4   | 38    7    38   |
| 1     7    4 | 3    6  8   | 5     9    2    |
:--------------+-------------+-----------------:
| 467   269  1 | 8    3  567 | 247   456  569  |
| 3467  369  5 | 16   2  167 | 1478  146  1689 |
| 67    26   8 | 156  4  9   | 127   3    156  |
'--------------'-------------'-----------------'

