690800240704030806000000000000370600009604300002098000000000000906080702057001038
:0000:x:69080024070403080600000+600000037060+90+79604300+3+620980000000000+609060807020570+61038:119 231 132 134 534 135 235 937 138 538 139 541 148 548 151 158 558 167 168 272 472 274 574 576 179::
.-----------------.-----------------.-----------------.
| 6     9    135  | 8     15   57   | 2     4    357  |
| 7     12   4    | 1259  3    259  | 8     159  6    |
| 158   238  1358 | 2479  45   6    | 15    79   357  |
:-----------------+-----------------+-----------------:
| 148   148  158  | 3     7    25   | 6     28   9    |
| 58    7    9    | 6     125  4    | 3     28   15   |
| 3     6    2    | 15    9    8    | 45    57   1457 |
:-----------------+-----------------+-----------------:
| 1248  138  138  | 479   245  2379 | 1459  6    45   |
| 9     134  6    | 45    8    35   | 7     15   2    |
| 24    5    7    | 249   6    1    | 49    3    8    |
'-----------------'-----------------'-----------------'

