967000005000600047100000000003009800205430070070000060001000000000502080700000402
:0000:x:967000005000600047100000+60+8+6+1300980+42+8543+6070+47+900006+30+21000000+300502080700000402:115 525 825 826 435 436 238 167 485::
.-------------.-------------------.-----------------.
| 9   6    7  | 1238  248    1348 | 123   123   5   |
| 58  35   28 | 6     129    135  | 1239  4     7   |
| 1   345  24 | 2379  2579   357  | 6     39    8   |
:-------------+-------------------+-----------------:
| 6   1    3  | 27    257    9    | 8     25    4   |
| 2   8    5  | 4     3      6    | 19    7     19  |
| 4   7    9  | 128   1258   158  | 25    6     3   |
:-------------+-------------------+-----------------:
| 58  2    1  | 3789  46789  3478 | 3579  359   69  |
| 3   49   46 | 5     1679   2    | 179   8     169 |
| 7   59   68 | 1389  1689   138  | 4     1359  2   |
'-------------'-------------------'-----------------'

