000100008002000950086900200700000000001872500000000004004005830075000600200006000
:0000:x:00+71+200+680020009500869+502007000000000018725+9000000000400400583007500060+920000600+5:311 411 312 412 724 442 945 965 972 179::
.-------------------.-------------------.-----------------.
| 59     59     7   | 1     2      34   | 34   6     8    |
| 134    134    2   | 346   3468   3478 | 9    5     137  |
| 134    8      6   | 9     5      347  | 2    147   137  |
:-------------------+-------------------+-----------------:
| 7      23569  389 | 3456  1346   1349 | 13   128   1236 |
| 346    346    1   | 8     7      2    | 5    9     36   |
| 35689  23569  389 | 356   136    139  | 137  1278  4    |
:-------------------+-------------------+-----------------:
| 169    16     4   | 27    19     5    | 8    3     27   |
| 138    7      5   | 234   1348   1348 | 6    124   9    |
| 2      139    389 | 347   13489  6    | 147  147   5    |
'-------------------'-------------------'-----------------'

