020038000000000007700040152400000000190060000000007590017800300000020000062900000
:0000:x:+52+1+738000+6+4+90+10+8+377+8+3+64+91524+700+90000190060000+2+3+60+87590+9178+5+43+2+60+5+402+60000629+70+40+5:::
.-----------.---------------.--------------.
| 5   2  1  | 7     3  8    | 69  46   49  |
| 6   4  9  | 25    1  25   | 8   3    7   |
| 7   8  3  | 6     4  9    | 1   5    2   |
:-----------+---------------+--------------:
| 4   7  58 | 1235  9  1235 | 26  168  138 |
| 1   9  58 | 2345  6  235  | 27  478  348 |
| 2   3  6  | 14    8  7    | 5   9    14  |
:-----------+---------------+--------------:
| 9   1  7  | 8     5  4    | 3   2    6   |
| 38  5  4  | 13    2  6    | 79  178  189 |
| 38  6  2  | 9     7  13   | 4   18   5   |
'-----------'---------------'--------------'

