046000090000120000000006008000041050160000043080570000700900000000082000030000580
:0000:x:046+80+7090+80012+9000000+406008000+641+85016+5+2+9+8+74308057+300070+890+5000000+382000030+70+4580:137 138 487 489::
.--------------------.----------.-------------------.
| 235   4      6     | 8  35  7 | 123    9     125  |
| 8     57     37    | 1  2   9 | 346    367   4567 |
| 2359  12579  12379 | 4  35  6 | 23     237   8    |
:--------------------+----------+-------------------:
| 239   279    2379  | 6  4   1 | 8      5     29   |
| 1     6      5     | 2  9   8 | 7      4     3    |
| 249   8      249   | 5  7   3 | 1269   126   1269 |
:--------------------+----------+-------------------:
| 7     12     8     | 9  16  5 | 12346  1236  1246 |
| 4569  159    149   | 3  8   2 | 169    167   1679 |
| 269   3      129   | 7  16  4 | 5      8     1269 |
'--------------------'----------'-------------------'

