700100000000090400960032001106000000030509060000000309400350072009020000000001004
:0000:x:7001+600+9000009040+6960032+7011+96+20+30+40030509060000+60030940035+6+972009020000000+901004:212 817 819 822 823 853 755 855 857 263 765 865 466 568 868 881 182 882 587 588 888 591 891 892 893 898::
.--------------------.--------------.----------------.
| 7     458    23458 | 1    6   458 | 25   9     35  |
| 2358  125    1235  | 78   9   578 | 4    2358  6   |
| 9     6      458   | 48   3   2   | 7    58    1   |
:--------------------+--------------+----------------:
| 1     9      6     | 2    78  3   | 58   4     578 |
| 28    3      247   | 5    14  9   | 12   6     78  |
| 258   24578  4578  | 6    14  78  | 3    12    9   |
:--------------------+--------------+----------------:
| 4     18     18    | 3    5   6   | 9    7     2   |
| 356   57     9     | 478  2   478 | 168  13    358 |
| 236   257    2357  | 9    78  1   | 568  35    4   |
'--------------------'--------------'----------------'

