000000050000020100003800000000600002200408093401000085100000000006035907745000000
:0000:x:00+200005000+4+520100+503800+200+3+9+86+5+7+4+122+5+74+18+6934+610+90+7851+3+9000+500+8+26+1359+4774500000+1:::
.------------.------------------.---------------.
| 69  178  2 | 379  467   13469 | 38  5    4689 |
| 69  78   4 | 5    2     369   | 1   367  689  |
| 5   17   3 | 8    467   1469  | 2   67   469  |
:------------+------------------+---------------:
| 3   9    8 | 6    5     7     | 4   1    2    |
| 2   5    7 | 4    1     8     | 6   9    3    |
| 4   6    1 | 23   9     23    | 7   8    5    |
:------------+------------------+---------------:
| 1   3    9 | 27   4678  246   | 5   26   68   |
| 8   2    6 | 1    3     5     | 9   4    7    |
| 7   4    5 | 29   68    269   | 38  236  1    |
'------------'------------------'---------------'

