000000000600500180083010000000957300060000092000000000000000254048700010002300000
:0000:x:0000000+306005001800830100+2000095730006000009200000000000+600025404870001+3002300000:111 615 616 636 453 457 261 262 164 464 664 465 467 667 668 669 171 971 172 972 985 986 791 792 895 995 196 896 996::
.-----------------------.---------------------.-----------------.
| 24579    12579  14579 | 2468  24789  2489   | 45679  3   5679 |
| 6        279    479   | 5     23479  2349   | 1      8   79   |
| 4579     8      3     | 46    1      49     | 45679  2   5679 |
:-----------------------+---------------------+-----------------:
| 1248     12     14    | 9     5      7      | 3      46  168  |
| 134578   6      157   | 148   348    1348   | 578    9   2    |
| 1345789  13579  14579 | 28    2368   123468 | 578    47  1578 |
:-----------------------+---------------------+-----------------:
| 37       37     6     | 18    89     189    | 2      5   4    |
| 59       4      8     | 7     26     256    | 69     1   3    |
| 159      159    2     | 3     46     456    | 6789   67  6789 |
'-----------------------'---------------------'-----------------'

