700400080040030700009000000200607019070042800005100070003000000020805006600000200
:0000:x:70040008004003070000900000+420060701907004280000510007+2003000000020805006600000200:312 117 528 137 337 338 538 477 179 579 487 398 199 399 599::
.--------------------.-------------------.----------------.
| 7      156    126  | 4    12569   169  | 3569  8    135 |
| 158    4      1268 | 259  3       1689 | 7     269  15  |
| 1358   13568  9    | 257  125678  168  | 56    26   4   |
:--------------------+-------------------+----------------:
| 2      38     48   | 6    58      7    | 345   1    9   |
| 139    7      16   | 359  4       2    | 8     356  35  |
| 3489   3689   5    | 1    89      389  | 346   7    2   |
:--------------------+-------------------+----------------:
| 14589  1589   3    | 279  12679   1469 | 159   459  78  |
| 149    2      147  | 8    179     5    | 139   349  6   |
| 6      1589   1478 | 379  179     1349 | 2     459  78  |
'--------------------'-------------------'----------------'

