003800600400009001000000450000038720000010000078950000027000000600100003009006800
:0000:x:003800600400009001000000450000038720000010000078950000027000000600100003009006800:716 324 624 634 734 736 649 658 659 161 475 478 285 485 785::
.--------------------.------------------.-----------------.
| 12579  159    3    | 8      247  1245 | 6    79    279  |
| 4      568    256  | 257    267  9    | 23   378   1    |
| 12789  1689   126  | 23     267  123  | 4    5     2789 |
:--------------------+------------------+-----------------:
| 159    14569  1456 | 46     3    8    | 7    2     459  |
| 2359   34569  2456 | 2467   1    247  | 359  3489  4589 |
| 23     7      8    | 9      5    24   | 13   1346  46   |
:--------------------+------------------+-----------------:
| 1358   2      7    | 345    89   345  | 159  169   4569 |
| 6      458    45   | 1      89   2457 | 259  479   3    |
| 135    1345   9    | 23457  247  6    | 8    147   2457 |
'--------------------'------------------'-----------------'

