080050000700004006024360000002600005009080600500001900000096250200700009000030070
:0000:x:080050000700004006024360+50000260+90050+79+58+360050000190000+70962502007000+69000030070:911 214 117 719 122 322 224 127 128 347 459 462 465 268 269 179 194::
.--------------------.--------------.-------------------.
| 136    8      136  | 19   5   27  | 347   12349  1234 |
| 7      59     135  | 189  12  4   | 38    2389   6    |
| 19     2      4    | 3    6   78  | 5     189    178  |
:--------------------+--------------+-------------------:
| 1348   134    2    | 6    47  9   | 1478  1348   5    |
| 14     7      9    | 5    8   3   | 6     124    12   |
| 5      36     368  | 24   27  1   | 9     348    3478 |
:--------------------+--------------+-------------------:
| 1348   134    7    | 148  9   6   | 2     5      348  |
| 2      1345   1358 | 7    14  58  | 1348  6      9    |
| 14689  14569  1568 | 248  3   258 | 148   7      148  |
'--------------------'--------------'-------------------'

