000071680070000000000800907500002800030568070009700002108007000000000040053190000
:0000:x:000071680+87000+900000080090750+7+90280003056807+90+8970+30021080070+900000+8004005319000+8:411 425 127 427 631 432 435 338 449 475 281 681 389::
.------------------.----------------.-------------------.
| 239   249  245   | 234   7    1   | 6      8     345  |
| 8     7    12456 | 2346  235  9   | 235    1235  1345 |
| 234   126  12456 | 8     235  456 | 9      125   7    |
:------------------+----------------+-------------------:
| 5     146  7     | 9     14   2   | 8      136   136  |
| 24    3    124   | 5     6    8   | 14     7     9    |
| 46    8    9     | 7     14   3   | 145    156   2    |
:------------------+----------------+-------------------:
| 1     246  8     | 2346  235  7   | 235    9     356  |
| 79    269  26    | 236   8    56  | 12357  4     156  |
| 2467  5    3     | 1     9    46  | 27     26    8    |
'------------------'----------------'-------------------'

