000000005002008003080160490050200000106000709000009030091027080400300200200000000
:0000:x:000000+805002008003080160490050200000106000709000009+530091027+38040+83+90200200000+900:711 712 445 845 864 865::
.------------------.------------------.------------------.
| 369   1346  3479 | 479   347   234  | 8   1267   5     |
| 5679  1467  2    | 4579  457   8    | 16  167    3     |
| 357   8     357  | 1     6     235  | 4   9      27    |
:------------------+------------------+------------------:
| 3789  5     3479 | 2     137   1346 | 16  146    1468  |
| 1     234   6    | 458   3458  345  | 7   24     9     |
| 78    247   47   | 467   147   9    | 5   3      12468 |
:------------------+------------------+------------------:
| 56    9     1    | 456   2     7    | 3   8      46    |
| 4     67    8    | 3     9     156  | 2   1567   167   |
| 2     367   357  | 4568  1458  1456 | 9   14567  1467  |
'------------------'------------------'------------------'

