000009506000208100000030020064000001920040063700000490030060000001904000208300000
:0000:x:00+200950600+6208100000030020+8640+9+3+20192+50400637+1+3000490030060000+601904+300208300+600:412 114 522 932 734 136 939 565 774 776 877 778 779 979 585 785 589 792 798 799::
.---------------.----------------.-----------------.
| 134  78    2  | 47    17   9   | 5    3478  6    |
| 345  479   6  | 2     57   8   | 1    347   479  |
| 145  4578  79 | 1456  3    567 | 789  2     478  |
:---------------+----------------+-----------------:
| 8    6     4  | 57    9    3   | 2    57    1    |
| 9    2     5  | 178   4    17  | 78   6     3    |
| 7    1     3  | 568   28   256 | 4    9     58   |
:---------------+----------------+-----------------:
| 45   3     79 | 158   6    125 | 79   1458  2458 |
| 6    57    1  | 9     28   4   | 3    578   278  |
| 2    459   8  | 3     157  157 | 6    145   459  |
'---------------'----------------'-----------------'

