541020300030709060900000000000400093006000400490005000000000005080307040009060738
:0000:2:541+62+83+7+9+23+87+19+56+49+6+7+5+4+3+8+1+2+7+2+54+8+6+193+8+16+9+3+24+5+749+3+1+75+2+8+6+3+7+4+8+9+1+6+25+68+23+57+94+1+1+59+26+4738:::267:
.---------.---------.---------.
| 5  4  1 | 6  2  8 | 3  7  9 |
| 2  3  8 | 7  1  9 | 5  6  4 |
| 9  6  7 | 5  4  3 | 8  1  2 |
:---------+---------+---------:
| 7  2  5 | 4  8  6 | 1  9  3 |
| 8  1  6 | 9  3  2 | 4  5  7 |
| 4  9  3 | 1  7  5 | 2  8  6 |
:---------+---------+---------:
| 3  7  4 | 8  9  1 | 6  2  5 |
| 6  8  2 | 3  5  7 | 9  4  1 |
| 1  5  9 | 2  6  4 | 7  3  8 |
'---------'---------'---------'

.---------.---------.----------.
| 5  4  1 | 6  2  8 |  3  7  9 |
| 2  3  8 | 7  1  9 |  5  6  4 |
| 9  6  7 | 5  4  3 |  8  1  2 |
:---------+---------+----------:
| 7  2  5 | 4  8  6 |  1  9  3 |
| 8  1  6 | 9  3  2 |  4  5  7 |
| 4  9  3 | 1  7  5 | *2  8  6 |
:---------+---------+----------:
| 3  7  4 | 8  9  1 |  6  2  5 |
| 6  8  2 | 3  5  7 |  9  4  1 |
| 1  5  9 | 2  6  4 |  7  3  8 |
'---------'---------'----------'
Full House: r6c7=2
