541020300030709060900000000000400093006000400490005000000000005080307040009060738
:0000:x:541+62+83+7+9+23+8709+5609+6+700+3000+7004+8+6093+806+9+304+5+749+30+7500+6+3+7+4+8+90+605+680307+940+10906+4738:135 139::
.------------.------------.--------------.
| 5  4    1  | 6   2   8  | 3    7    9  |
| 2  3    8  | 7   14  9  | 5    6    14 |
| 9  6    7  | 15  45  3  | 128  128  24 |
:------------+------------+--------------:
| 7  125  25 | 4   8   6  | 12   9    3  |
| 8  12   6  | 9   3   12 | 4    5    7  |
| 4  9    3  | 12  7   5  | 128  128  6  |
:------------+------------+--------------:
| 3  7    4  | 8   9   12 | 6    12   5  |
| 6  8    25 | 3   15  7  | 9    4    12 |
| 1  25   9  | 25  6   4  | 7    3    8  |
'------------'------------'--------------'

