000400050078000430036000000700908140000030000019605003000000360081000290060009000
:0000:x:+1+9+240+3+650+57800+6430+4360000007+5+39+2814+6+6+2+40300+80+8196+45+7+23+9+40000360+3810+6+4290+260+30900+4:::
.----------.-------------------.---------------.
| 1  9  2  | 4      78     3   | 6   5   78    |
| 5  7  8  | 12     19     6   | 4   3   129   |
| 4  3  6  | 12578  15789  127 | 89  17  12789 |
:----------+-------------------+---------------:
| 7  5  3  | 9      2      8   | 1   4   6     |
| 6  2  4  | 17     3      17  | 59  8   59    |
| 8  1  9  | 6      4      5   | 7   2   3     |
:----------+-------------------+---------------:
| 9  4  57 | 12578  1578   127 | 3   6   1578  |
| 3  8  1  | 57     6      4   | 2   9   57    |
| 2  6  57 | 3      1578   9   | 58  17  4     |
'----------'-------------------'---------------'

