100000930003000002009270080000017000004309800000540000050028600700000400048000001
:0000:x:100+6009300030000+620+6927+3+180000+8170+400043+6980000054+200005+1+4286+7070000040+8048+700001:549 769::
.-------------------.--------------.---------------.
| 1      278    257 | 6   58   45  | 9    3    457 |
| 458    78     3   | 19  589  145 | 57   6    2   |
| 45     6      9   | 2   7    3   | 1    8    45  |
:-------------------+--------------+---------------:
| 23569  239    256 | 8   1    7   | 235  4    369 |
| 25     127    4   | 3   6    9   | 8    125  57  |
| 3689   13789  67  | 5   4    2   | 37   19   369 |
:-------------------+--------------+---------------:
| 39     5      1   | 4   2    8   | 6    7    39  |
| 7      239    26  | 19  359  156 | 4    259  8   |
| 2369   4      8   | 7   359  56  | 235  259  1   |
'-------------------'--------------'---------------'

