8..63..7.......8.......1..5.3689..57.8.2.7.3.57..6328.7..3.......4.......9..76..3
:0000:x:8.+563..7...+3+7.+58...+2+7.+81+3.5+23689+4+157+48+12+57.3.57+9+16328+47.+23.....+3.4...+7..+19+8.76.+23:::
.------------.-------------.------------------.
| 8   14   5 | 6   3   29  | 49    7     129  |
| 69  146  3 | 7   24  5   | 8     1469  1269 |
| 69  2    7 | 49  8   1   | 3     469   5    |
:------------+-------------+------------------:
| 2   3    6 | 8   9   4   | 1     5     7    |
| 4   8    1 | 2   5   7   | 69    3     69   |
| 5   7    9 | 1   6   3   | 2     8     4    |
:------------+-------------+------------------:
| 7   56   2 | 3   14  89  | 4569  1469  1689 |
| 3   56   4 | 59  12  289 | 7     169   1689 |
| 1   9    8 | 45  7   6   | 45    2     3    |
'------------'-------------'------------------'

