020400000007050000090017000500009800400108007002300001000790020000030400000004060
:0000:x:02040+3000007+95+20000900170005000098004001080070+8230+5+601000790020000030400000004060:245 645 573 181 681 881 583 684 191 391 891 593::
.--------------------.-------------.----------------------.
| 168   2      1568  | 4    68  3  | 1579   15789  5689   |
| 1368  1346   7     | 9    5   2  | 13     1348   3468   |
| 368   9      34568 | 68   1   7  | 235    3458   234568 |
:--------------------+-------------+----------------------:
| 5     1367   136   | 26   47  9  | 8      34     234    |
| 4     36     369   | 1    26  8  | 2359   359    7      |
| 79    8      2     | 3    47  5  | 6      49     1      |
:--------------------+-------------+----------------------:
| 1368  13456  13468 | 7    9   16 | 135    2      358    |
| 279   1567   1689  | 258  3   16 | 4      15789  589    |
| 279   1357   1389  | 258  28  4  | 13579  6      3589   |
'--------------------'-------------'----------------------'

