800670301060000000007410000000000036006090700740000000000037900000000050103028007
:0707:2:80+56703+41+46+10000+7000741+5+6000+20+700036+5+3609070+474+80000+9+5+60+40379000+7000005+3103028+4+67:924 827 829 154 164 186 986:242::12
.-------------.----------------.---------------.
| 8    9   5  | 6    7    29   | 3    4    1   |
| 4    6   1  | 238  8    239  | 25   7    29  |
| 239  9   7  | 4    1    5    | 6    28   289 |
:-------------+----------------+---------------:
| 9    2   9  | 7    458  14   | 18   3    6   |
| 5    3   6  | 28   9    12   | 7    128  4   |
| 7    4   8  | 23   6    1236 | 12   9    5   |
:-------------+----------------+---------------:
| 6    58  4  | 15   3    7    | 9    128  28  |
| 29   7   29 | 19   46   46   | 128  5    3   |
| 1    59  3  | 59   2    8    | 4    6    7   |
'-------------'----------------'---------------'

.----------------.-----------------.----------------.
|  8     9    5  | 6    7     29   | 3    4     1   |
|  4     6    1  | 238  8     239  | 25   7     29  |
|  239   9    7  | 4    1    *5    | 6    28   *289 |
:----------------+-----------------+----------------:
|  9    *-2   9  | 7    458   14   | 18   3     6   |
| *5    *3    6  | 28   9    *12   | 7    128   4   |
|  7     4   *8  | 23   6     1236 | 12   9    *5   |
:----------------+-----------------+----------------:
|  6     58   4  | 15   3     7    | 9    128   28  |
|  29    7    29 | 19   46    46   | 128  5     3   |
|  1     59   3  | 59   2     8    | 4    6     7   |
'----------------'-----------------'----------------'
Discontinuous Nice Loop: 2 r4c2 -2- r6c3 -8- r6c9 -5- r3c9 =5= r3c6 -5- r5c6 =5= r5c1 =3= r5c2 =1= r4c2 => r4c2<>2
