206004030010000000097500000900085400000000000001930005000002340000000060060700801
:0000:x:2060040300100000000975000009000854000000000000+41930005000002340000000060060700801:248 249 351 253 353 257 258 259 381 582 782 882::
.----------------------.--------------------.----------------------.
| 2      58     6      | 18    179    4     | 1579   3      789    |
| 3458   1      3458   | 2368  2679   36789 | 25679  25789  246789 |
| 348    9      7      | 5     126    1368  | 126    128    2468   |
:----------------------+--------------------+----------------------:
| 9      237    23     | 126   8      5     | 4      17     367    |
| 5678   23578  58     | 1246  12467  167   | 1679   1789   36789  |
| 678    4      1      | 9     3      67    | 267    278    5      |
:----------------------+--------------------+----------------------:
| 1578   578    589    | 168   1569   2     | 3      4      79     |
| 14578  23     234589 | 1348  1459   1389  | 2579   6      279    |
| 345    6      23459  | 7     459    39    | 8      259    1      |
'----------------------'--------------------'----------------------'

