030009007000020630001600900080700003400060000007005080000008002100050040090400500
:0000:x:03000900700002+7630+701600900080700003400+860+7000070050800000080021+7005+6040090400500:213 813 115 243 246 552 253 164 371 373 174 678 383 291 691 693 395 396::
.-----------------.----------------.-------------------.
| 2568  3    456  | 15   48    9   | 1248  125    7    |
| 589   45   4589 | 15   2     7   | 6     3      1458 |
| 7     245  1    | 6    348   34  | 9     25     458  |
:-----------------+----------------+-------------------:
| 2569  8    569  | 7    149   14  | 124   12569  3    |
| 4     12   359  | 8    6     123 | 7     1259   159  |
| 2369  126  7    | 239  1349  5   | 124   8      1469 |
:-----------------+----------------+-------------------:
| 56    456  456  | 39   1379  8   | 13    179    2    |
| 1     7    28   | 239  5     6   | 38    4      89   |
| 38    9    238  | 4    17    12  | 5     167    168  |
'-----------------'----------------'-------------------'

