030009007000020630001600900080700003400060000007005080000008002100050040090400500
:0000:x:0300+490070+5002+763+4+7+416009+2+5080700003400+860+7000070050800000080021+7005+6040090400500:213 813 243 246 253 164 371 373 174 678 383 291 691 693 395 396::
.----------------.----------------.----------------.
| 268   3    6   | 15   4     9   | 18   1     7   |
| 89    5    89  | 1    2     7   | 6    3     4   |
| 7     4    1   | 6    38    3   | 9    2     5   |
:----------------+----------------+----------------:
| 2569  8    569 | 7    19    14  | 124  1569  3   |
| 4     12   359 | 8    6     123 | 7    159   19  |
| 2369  126  7   | 239  139   5   | 124  8     169 |
:----------------+----------------+----------------:
| 56    6    456 | 39   1379  8   | 13   179   2   |
| 1     7    28  | 239  5     6   | 38   4     89  |
| 38    9    238 | 4    17    12  | 5    167   168 |
'----------------'----------------'----------------'

