800670301060000000007410000000000036006090700740000000000037900000000050103028007
:0000:x:80+56703+41+46+10000+70007410+600000+70003600609070+47400000+90+60+40379000+7000005+3103028+4+67:524 924 827 529 829 336 542 552 154 354 554 356 164 564 269 186 986::
.----------------.-----------------.-----------------.
| 8    29    5   | 6    7    29    | 3     4    1    |
| 4    6     1   | 238  58   2359  | 25    7    29   |
| 239  239   7   | 4    1    259   | 6     28   2589 |
:----------------+-----------------+-----------------:
| 259  1289  289 | 7    458  1245  | 1258  3    6    |
| 235  1238  6   | 28   9    125   | 7     128  4    |
| 7    4     28  | 238  568  12356 | 1258  9    58   |
:----------------+-----------------+-----------------:
| 6    258   4   | 15   3    7     | 9     128  28   |
| 29   7     289 | 19   46   46    | 128   5    3    |
| 1    59    3   | 59   2    8     | 4     6    7    |
'----------------'-----------------'-----------------'

