......9....12..87...93...5169..2....48...1....3....26.......61..5.134.......97...
:0000:x:....+1.9....12.+987..+293.+6+45169..2+3+1..48+2.+61...+13....26......+261..5+6134+7...+1.+697...:513 713 871 773 873 579 879::
.----------------.-----------------.-----------------.
| 3578  467  348 | 4578   1     58 | 9   23    236   |
| 35    46   1   | 2      45    9  | 8   7     36    |
| 78    2    9   | 3      78    6  | 4   5     1     |
:----------------+-----------------+-----------------:
| 6     9    57  | 4578   2     3  | 1   48    4578  |
| 4     8    2   | 579    6     1  | 35  39    3579  |
| 1     3    57  | 45789  4578  58 | 2   6     45789 |
:----------------+-----------------+-----------------:
| 379   47   34  | 58     58    2  | 6   1     349   |
| 289   5    6   | 1      3     4  | 7   289   289   |
| 238   1    348 | 6      9     7  | 35  2348  23458 |
'----------------'-----------------'-----------------'

