109340000050000003064010000003800001080691030600004500000080320200000010000025908
:0000:x:1093400+50+850000+1+43+364+5100000038+500010806910306000+345+8000008032020+800+301+50+30025908:616 226 726 936 776::
.------------------.---------------.----------------.
| 1     27    9    | 3     4   278 | 2678  5    267 |
| 8     5     27   | 279   67  69  | 1     4    3   |
| 3     6     4    | 5     1   278 | 278   79   279 |
:------------------+---------------+----------------:
| 479   2479  3    | 8     5   27  | 2467  679  1   |
| 457   8     257  | 6     9   1   | 247   3    247 |
| 6     1279  127  | 27    3   4   | 5     8    279 |
:------------------+---------------+----------------:
| 4579  1479  1567 | 1479  8   69  | 3     2    467 |
| 2     479   8    | 479   67  3   | 467   1    5   |
| 47    3     167  | 147   2   5   | 9     67   8   |
'------------------'---------------'----------------'

