000060004009700020120003000070005400400000002030800070007000010300906500650070200
:0000:x:+7+8+30600+54+5+6970002012+4+503+70007000540040+500+700203080007+50070+5001030090650+7650070200:344 848 849 354 274 476 977 979 485 194 496 898 899::
.---------------.-----------------.-------------------.
| 7    8   3    | 12   6     129  | 19     5     4    |
| 5    6   9    | 7    148   148  | 138    2     138  |
| 1    2   4    | 5    89    3    | 7      689   689  |
:---------------+-----------------+-------------------:
| 289  7   1268 | 126  1239  5    | 4      369   1369 |
| 4    19  5    | 16   139   7    | 13689  3689  2    |
| 29   3   126  | 8    1249  1249 | 169    7     5    |
:---------------+-----------------+-------------------:
| 289  49  7    | 34   5     28   | 368    1     368  |
| 3    14  128  | 9    128   6    | 5      48    7    |
| 6    5   18   | 34   7     18   | 2      349   39   |
'---------------'-----------------'-------------------'

