800040900902036000500801003190400650000060091000008200008000040050002000000004532
:0000:x:800+24090090203600050+68+910+2319+74+2+365+8+2+8+4060+39100+5+9+182+7+40+280+5+9040+4500+7200+9+70+90+84532:722 727::
.-------------.------------.---------------.
| 8   137  13 | 2    4  57 | 9    16   567 |
| 9   14   2  | 57   3  6  | 148  18   57  |
| 5   47   6  | 8    9  1  | 47   2    3   |
:-------------+------------+---------------:
| 1   9    7  | 4    2  3  | 6    5    8   |
| 2   8    4  | 57   6  57 | 3    9    1   |
| 36  36   5  | 9    1  8  | 2    7    4   |
:-------------+------------+---------------:
| 36  2    8  | 136  5  9  | 17   4    67  |
| 4   5    13 | 136  7  2  | 18   168  9   |
| 7   16   9  | 16   8  4  | 5    3    2   |
'-------------'------------'---------------'

