300800501020003000000040000000000070079002000000709008407000300108030004000080060
:0000:x:3+9+48+7+65+21+72+5+1+93+8+4+6+6+8+1+24+5+700+50000+8+97+2+879002000+2007090084070+2+13+8010803+7+204+9+3+2+58+4+16+7:642 644 654 662::
.-----------.------------.-------------.
| 3  9   4  | 8   7    6 | 5   2    1  |
| 7  2   5  | 1   9    3 | 8   4    6  |
| 6  8   1  | 2   4    5 | 7   39   39 |
:-----------+------------+-------------:
| 5  14  36 | 34  16   8 | 9   7    2  |
| 8  7   9  | 34  156  2 | 46  135  35 |
| 2  14  36 | 7   156  9 | 46  135  8  |
:-----------+------------+-------------:
| 4  56  7  | 69  2    1 | 3   8    59 |
| 1  56  8  | 69  3    7 | 2   59   4  |
| 9  3   2  | 5   8    4 | 1   6    7  |
'-----------'------------'-------------'

