340900060090600354060043090536479812924318576187006943853164729672895431419732685
:0000:x:340900060090600354060043090536479812924318576187006943853164729672895431419732685:::
.------------.-------------.-----------.
| 3   4  158 | 9   258  17 | 12  6  78 |
| 27  9  18  | 6   28   17 | 3   5  4  |
| 27  6  158 | 25  4    3  | 12  9  78 |
:------------+-------------+-----------:
| 5   3  6   | 4   7    9  | 8   1  2  |
| 9   2  4   | 3   1    8  | 5   7  6  |
| 1   8  7   | 25  25   6  | 9   4  3  |
:------------+-------------+-----------:
| 8   5  3   | 1   6    4  | 7   2  9  |
| 6   7  2   | 8   9    5  | 4   3  1  |
| 4   1  9   | 7   3    2  | 6   8  5  |
'------------'-------------'-----------'

