005007600300000002040010070000900100050061004003700065008103040400050001020004300
:0000:x:005+4+2760+3300+5+80+40204+2+310+57000+49+3+51+2+70500610+340037+40065+508103+2404+30050+7010200043+50:923 851 861 862 686 986::
.------------------.-------------.--------------.
| 189   189   5    | 4    2   7  | 6   189  3   |
| 3     1679  167  | 5    8   69 | 4   19   2   |
| 689   4     2    | 3    1   69 | 5   7    89  |
:------------------+-------------+--------------:
| 68    68    4    | 9    3   5  | 1   2    7   |
| 279   5     79   | 28   6   1  | 89  3    4   |
| 129   19    3    | 7    4   28 | 89  6    5   |
:------------------+-------------+--------------:
| 5     679   8    | 1    79  3  | 2   4    69  |
| 4     3     69   | 268  5   28 | 7   89   1   |
| 1679  2     1679 | 68   79  4  | 3   5    689 |
'------------------'-------------'--------------'

