000000100830500407091020000700100000605000834000006009000070040903005068008000000
:0000:x:0+6+70+8010083+25+6+14+970910200+807+8+91+4+30006+150+90834+3+2+4+8+56+7+190+5+607+80409+73+4+15+2680+48+6+300+70:::
.----------.-----------.--------------.
| 45  6  7 | 39  8  49 | 1    25  235 |
| 8   3  2 | 5   6  1  | 4    9   7   |
| 45  9  1 | 37  2  47 | 356  8   356 |
:----------+-----------+--------------:
| 7   8  9 | 1   4  3  | 56   25  256 |
| 6   1  5 | 27  9  27 | 8    3   4   |
| 3   2  4 | 8   5  6  | 7    1   9   |
:----------+-----------+--------------:
| 12  5  6 | 29  7  8  | 39   4   13  |
| 9   7  3 | 4   1  5  | 2    6   8   |
| 12  4  8 | 6   3  29 | 59   7   15  |
'----------'-----------'--------------'

