123004056700000030800000020000308675000000000500900000000600091491500300300200500
:0000:x:1230+9405670000+20308000+30020+9+1+43+28675+600+400000500900000+2006+4+30914915+8+73+6+23002+1+9500:827 136 737 157 857 167 867::
.-------------.------------.---------------.
| 1  2    3   | 78  9   4  | 78   5    6   |
| 7  456  569 | 18  56  2  | 149  3    489 |
| 8  456  569 | 17  3   56 | 149  2    479 |
:-------------+------------+---------------:
| 9  1    4   | 3   2   8  | 6    7    5   |
| 6  378  278 | 4   57  15 | 29   18   389 |
| 5  378  278 | 9   67  16 | 24   148  348 |
:-------------+------------+---------------:
| 2  578  578 | 6   4   3  | 78   9    1   |
| 4  9    1   | 5   8   7  | 3    6    2   |
| 3  678  678 | 2   1   9  | 5    48   478 |
'-------------'------------'---------------'

