542600000000080452010500000053000001070010040100000320000006030329050000000009285
:0000:x:5426000000+3008045201050000+3053000001070010+5401+9+400+53200+8+50060303290500000+6+1009285:116 917 919 721 631 731 633 735 935 736 837::
.------------.--------------------.----------------.
| 5    4  2  | 6      379    37   | 178   179  78  |
| 69   3  67 | 179    8      17   | 4     5    2   |
| 89   1  78 | 5      24     24   | 679   679  3   |
:------------+--------------------+----------------:
| 268  5  3  | 24789  24679  2478 | 6789  679  1   |
| 268  7  68 | 2389   1      238  | 5     4    689 |
| 1    9  4  | 78     67     5    | 3     2    678 |
:------------+--------------------+----------------:
| 47   8  5  | 1247   247    6    | 179   3    479 |
| 3    2  9  | 1478   5      1478 | 167   167  467 |
| 47   6  1  | 347    347    9    | 2     8    5   |
'------------'--------------------'----------------'

