300004060005070000060200700500003470008000005000750090090010006003000010400007800
:0000:x:30+7+5+840600+450700+80+86+92+3+17+5+450+6003470+9+780000050+3+4750090+79+20100+46+6+8300001+74+5+1007800:927 929::
.-----------.---------------.---------------.
| 3   12  7 | 5    8    4   | 129   6   129 |
| 12  4   5 | 69   7    69  | 123   8   123 |
| 8   6   9 | 2    3    1   | 7     5   4   |
:-----------+---------------+---------------:
| 5   12  6 | 189  29   3   | 4     7   128 |
| 9   7   8 | 146  246  26  | 1236  23  5   |
| 12  3   4 | 7    5    268 | 126   9   128 |
:-----------+---------------+---------------:
| 7   9   2 | 38   1    58  | 35    4   6   |
| 6   8   3 | 49   249  259 | 259   1   7   |
| 4   5   1 | 369  269  7   | 8     23  239 |
'-----------'---------------'---------------'

