600005003080000600005070010006009005040500020200040900020900800700004002008300090
:0000:x:600005+4030800006+50005070+210+8060090+450405000202+5+304090002+4900800700004+5020+6830009+4:912 815 921 144 156 756 766 668 769 175 679 185::
.----------------.-----------------.----------------.
| 6    17   1279 | 128   129   5   | 4    78   3    |
| 134  8    1279 | 124   1239  123 | 6    5    79   |
| 349  39   5    | 468   7     368 | 2    1    89   |
:----------------+-----------------+----------------:
| 8    17   6    | 27    123   9   | 137  4    5    |
| 19   4    179  | 5     1368  368 | 137  2    1678 |
| 2    5    3    | 1678  4     168 | 9    78   168  |
:----------------+-----------------+----------------:
| 135  2    4    | 9     56    167 | 8    367  17   |
| 7    139  19   | 168   68    4   | 5    36   2    |
| 15   6    8    | 3     125   127 | 17   9    4    |
'----------------'-----------------'----------------'

