000050090004008003086300100400000800001020005070100020048003000100080007207500380
:0000:x:+3+1+205009+80040+180030863001004+2+500080+1+601+820005+87010+502+60480030+101000800072+6750+1380:527 728 738 946 956 965 274 974 975 677 977 684 984 486 686 287 487 987 588::
.--------------.------------------.--------------.
| 3    1    2  | 467   5     467  | 467  9    8  |
| 579  59   4  | 2679  1     8    | 267  56   3  |
| 579  8    6  | 3     479   2479 | 1    45   24 |
:--------------+------------------+--------------:
| 4    2    5  | 679   3679  67   | 8    37   1  |
| 6    39   1  | 8     2     47   | 479  347  5  |
| 8    7    39 | 1     34    5    | 49   2    6  |
:--------------+------------------+--------------:
| 59   4    8  | 67    67    3    | 25   1    29 |
| 1    359  39 | 24    8     29   | 56   46   7  |
| 2    6    7  | 5     49    1    | 3    8    49 |
'--------------'------------------'--------------'

