600030010002700000000000000100000030000207000000900000240080000000000905800000700
:0000:x:600+8300100+127+9+6000000+1+20000100+60+803000020700000090+300024+7+58+90+60+3+6+1+4+7+29+85800+3+6+1700:427 527 429 532 732 932 433 533 933 337 837 339 839 453 553 953 463 563::
.-----------------.------------.----------------------.
| 6     579   459 | 8  3    45 | 245     1     2479   |
| 45    1     2   | 7  9    6  | 38      45    38     |
| 4579  38    38  | 1  2    45 | 456     4579  4679   |
:-----------------+------------+----------------------:
| 1     2579  459 | 6  45   8  | 245     3     2479   |
| 459   3589  368 | 2  145  7  | 14568   459   14689  |
| 457   2578  68  | 9  145  3  | 124568  2457  124678 |
:-----------------+------------+----------------------:
| 2     4     7   | 5  8    9  | 13      6     13     |
| 3     6     1   | 4  7    2  | 9       8     5      |
| 8     59    59  | 3  6    1  | 7       24    24     |
'-----------------'------------'----------------------'

