000081025400900000020045000049000078000000000870000260000360050000009006960270000
:0000:x:0+90081+4254+5090000002004500004900007800000+7000870000260000360+95+2000009+70696+5270000:::
.-------------------.-------------------.------------------.
| 367    9    367   | 67     8      1   | 4     2     5    |
| 4      5    13678 | 9      23     236 | 1368  138   137  |
| 1367   2    13678 | 67     4      5   | 1368  1389  1379 |
:-------------------+-------------------+------------------:
| 12356  4    9     | 156    1235   236 | 135   7     8    |
| 12356  13   1236  | 14568  12359  7   | 135   1349  1349 |
| 8      7    13    | 145    1359   34  | 2     6     1349 |
:-------------------+-------------------+------------------:
| 17     18   1478  | 3      6      48  | 9     5     2    |
| 123    138  12348 | 1458   15     9   | 7     1348  6    |
| 9      6    5     | 2      7      48  | 138   1348  134  |
'-------------------'-------------------'------------------'

