090001380400060510030000000020900000000204000000007020000000090017030002048500070
:0000:x:0900+2138040+206051003000+5+200020900000000204000000007020000000090017030002048500070:::
.-----------------------.------------------.----------------------.
| 567      9     56     | 47     2     1   | 3      8     467     |
| 4        78    2      | 378    6     389 | 5      1     79      |
| 1678     3     16     | 478    4789  5   | 2      46    4679    |
:-----------------------+------------------+----------------------:
| 135678   2     13456  | 9      158   368 | 14678  3456  1345678 |
| 1356789  5678  13569  | 2      158   4   | 16789  356   1356789 |
| 135689   568   134569 | 1368   158   7   | 14689  2     1345689 |
:-----------------------+------------------+----------------------:
| 2356     56    356    | 14678  1478  268 | 1468   9     134568  |
| 569      1     7      | 468    3     689 | 468    456   2       |
| 2369     4     8      | 5      19    269 | 16     7     136     |
'-----------------------'------------------'----------------------'

