080017000753090800100000200078000000300000009000000760001000005004070913000540080
:0000:x:08001700+67530908+4+110+600020+7+67800000+4300+700+10900000076+8+801000+4+75+504070913+9+3+754+1+68+2:::
.---------------.--------------------.------------.
| 24  8     29  | 234    1     7     | 35  359  6 |
| 7   5     3   | 26     9     26    | 8   4    1 |
| 1   49    6   | 348    358   3458  | 2   359  7 |
:---------------+--------------------+------------:
| 6   7     8   | 1239   235   2359  | 35  235  4 |
| 3   24    25  | 7      2568  24568 | 1   25   9 |
| 24  1249  259 | 12349  235   23459 | 7   6    8 |
:---------------+--------------------+------------:
| 8   26    1   | 2369   236   2369  | 4   7    5 |
| 5   26    4   | 268    7     268   | 9   1    3 |
| 9   3     7   | 5      4     1     | 6   8    2 |
'---------------'--------------------'------------'

