090070026708030400100000005000050060000908000080020000500000007003040609210060050
:0000:x:0900700267080304+9+110000000500005006+8+6009+18000080020000500000+207+8+730406+19210060050:::
.------------------.----------------.-----------------.
| 34   9     45    | 1458  7   145  | 38     2    6   |
| 7    256   8     | 256   3   256  | 4      9    1   |
| 1    2346  246   | 2468  89  2469 | 378    378  5   |
:------------------+----------------+-----------------:
| 349  234   12479 | 347   5   347  | 1379   6    8   |
| 6    2345  2457  | 9     1   8    | 357    347  234 |
| 349  8     14579 | 3467  2   3467 | 13579  347  34  |
:------------------+----------------+-----------------:
| 5    46    469   | 138   89  139  | 2      348  7   |
| 8    7     3     | 25    4   25   | 6      1    9   |
| 2    1     49    | 378   6   379  | 38     5    34  |
'------------------'----------------'-----------------'

