390000000000000650007000349009380006000054000853000000000800100002940060400000007
:0000:x:390000+700000000650+50700+83490+49380+506+60+1054+9+8+3853000+400+9008001+3+4002940+86+5400000+2+97:::
.---------------.---------------------.-------------.
| 3   9     468 | 12456  126    1256  | 7  12   128 |
| 12  128   48  | 1247   12379  12379 | 6  5    128 |
| 5   126   7   | 126    126    8     | 3  4    9   |
:---------------+---------------------+-------------:
| 27  4     9   | 3      8      127   | 5  127  6   |
| 6   27    1   | 27     5      4     | 9  8    3   |
| 8   5     3   | 1267   12679  12679 | 4  127  12  |
:---------------+---------------------+-------------:
| 9   67    56  | 8      267    2567  | 1  3    4   |
| 17  137   2   | 9      4      137   | 8  6    5   |
| 4   1368  568 | 156    136    1356  | 2  9    7   |
'---------------'---------------------'-------------'

