150703200002100004030000000040008000200907006000300020000000090700004100001209057
:0000:x:15+47032000+72100004030+40+20000400+280002+809+170+460+103+400200+200+7+10907+9000410+20+612+39+857:885::
.----------------.---------------.------------------.
| 1     5  4     | 7    689   3  | 2     68    89   |
| 689   7  2     | 1    5689  56 | 3569  368   4    |
| 689   3  689   | 4    5689  2  | 5679  1678  1589 |
:----------------+---------------+------------------:
| 3569  4  35679 | 56   2     8  | 3579  137   1359 |
| 2     8  35    | 9    1     7  | 35    4     6    |
| 569   1  5679  | 3    4     56 | 579   2     589  |
:----------------+---------------+------------------:
| 3458  2  358   | 568  7     1  | 346   9     3    |
| 7     9  358   | 568  56    4  | 1     36    2    |
| 4     6  1     | 2    3     9  | 8     5     7    |
'----------------'---------------'------------------'

