030080000908041000001900207025400600003017050700000000000000000000005106000300098
:0000:x:+53+2+78+60009+78+2410+60+6019+5+32+870254006+70003+61705+2700+500000000+100000000+805106000300098:::
.-------------------.--------------.-----------------.
| 5     3      2    | 7  8     6   | 49    14   149  |
| 9     7      8    | 2  4     1   | 35    6    35   |
| 6     4      1    | 9  5     3   | 2     8    7    |
:-------------------+--------------+-----------------:
| 18    2      5    | 4  39    89  | 6     7    139  |
| 48    489    3    | 6  1     7   | 489   5    2    |
| 7     14689  469  | 5  239   289 | 3489  134  1349 |
:-------------------+--------------+-----------------:
| 2348  45689  4679 | 1  2679  249 | 3457  234  345  |
| 234   49     479  | 8  279   5   | 1     234  6    |
| 124   1456   467  | 3  267   24  | 457   9    8    |
'-------------------'--------------'-----------------'

