000000000000207001039050004090700003057680900000002000523001000000009000004000500
:0000:x:00000000000020700103905000409070+500305768090+2000002000523001000000+5+49000+904000500:::
.----------------------.-------------------.------------------------.
| 124678  14678  12568 | 13489  1369  3468 | 23678   2356789  56789 |
| 468     468    568   | 2      369   7    | 368     35689    1     |
| 12678   3      9     | 18     5     68   | 2678    2678     4     |
:----------------------+-------------------+------------------------:
| 12468   9      1268  | 7      1     5    | 1468    1468     3     |
| 134     5      7     | 6      8     34   | 9       14       2     |
| 13468   1468   168   | 1349   139   2    | 14678   145678   5678  |
:----------------------+-------------------+------------------------:
| 5       2      3     | 8      67    1    | 4678    46789    6789  |
| 1678    1678   168   | 5      4     9    | 123678  123678   678   |
| 9       1678   4     | 38     2367  368  | 5       123678   678   |
'----------------------'-------------------'------------------------'

