400000700007810400080060050800130007000000000100028005060050020003049800002000001
:0000:x:4000+9070+80078104000800600508001300070000+700001+7002800506+805+102+4+5+13+2498+7+60+420+80+501:::
.------------------.---------------.--------------------.
| 4     235   156  | 35    9  235  | 7      136     8   |
| 2369  2359  7    | 8     1  235  | 4      369     239 |
| 239   8     19   | 347   6  2347 | 1239   5       239 |
:------------------+---------------+--------------------:
| 8     259   4569 | 1     3  456  | 269    469     7   |
| 2369  2359  4569 | 4569  7  456  | 12369  134689  239 |
| 1     7     469  | 469   2  8    | 369    3469    5   |
:------------------+---------------+--------------------:
| 79    6     8    | 37    5  1    | 39     2       4   |
| 5     1     3    | 2     4  9    | 8      7       6   |
| 79    4     2    | 367   8  367  | 5      39      1   |
'------------------'---------------'--------------------'

