900100080070903010800000064080020000500001070001000042040716000000000000007092000
:0000:x:9001+6+40800709+83+21+58+1+3+200+964080020000500001070001000042040716000000000000007+892000:::
.--------------------.-----------------.-----------------------.
| 9     25     25    | 1     6    4    | 37       8     37     |
| 46    7      46    | 9     8    3    | 2        1     5      |
| 8     1      3     | 2     57   57   | 9        6     4      |
:--------------------+-----------------+-----------------------:
| 3467  8      469   | 3456  2    579  | 1356     359   1369   |
| 5     2369   2469  | 346   34   1    | 368      7     3689   |
| 367   369    1     | 356   357  5789 | 3568     4     2      |
:--------------------+-----------------+-----------------------:
| 23    4      2589  | 7     1    6    | 358      2359  389    |
| 1236  23569  25689 | 345   345  5    | 1345678  2359  136789 |
| 136   356    7     | 8     9    2    | 13456    35    136    |
'--------------------'-----------------'-----------------------'

