200000069100280000004016700009000010018040690030000400003150900000064007960000001
:0000:x:2+8+5+4+7+3+1691+7+628+9+3+5+4+3+94+51670000900001001804069003+20+9+14+7000315+790+600+1+9640+3796+7000+5+41:::
.-------------.---------------.--------------.
| 2     8   5 | 4     7   3   | 1   6   9    |
| 1     7   6 | 2     8   9   | 3   5   4    |
| 3     9   4 | 5     1   6   | 7   28  28   |
:-------------+---------------+--------------:
| 4567  45  9 | 3678  23  258 | 28  1   2358 |
| 57    1   8 | 37    4   25  | 6   9   235  |
| 56    3   2 | 68    9   1   | 4   7   58   |
:-------------+---------------+--------------:
| 48    24  3 | 1     5   7   | 9   28  6    |
| 58    25  1 | 9     6   4   | 28  3   7    |
| 9     6   7 | 38    23  28  | 5   4   1    |
'-------------'---------------'--------------'

