.32.1.......6..7.4.....9......53....7.....8.........2.2..4......1.....3.......5..
:0000:x:.32+71.......6+2+37.4...+8.9+3.+2.+2.53.+1..7.+1+2.+68.+3+3..+1..+42.2.+34.+1....1.+9..+23....+3.+25+4+1:511 811 911 518 821 921 522 523 828 928 431 532 433 538 562 972::
.-------------------.--------------.----------------.
| 46    3     2     | 7  1     45  | 69  689   5689 |
| 15    89    89    | 6  2     3   | 7   15    4    |
| 156   467   567   | 8  45    9   | 3   16    2    |
:-------------------+--------------+----------------:
| 4689  2     4689  | 5  3     478 | 1   679   679  |
| 7     459   1     | 2  49    6   | 8   59    3    |
| 3     689   5689  | 1  789   78  | 4   2     5679 |
:-------------------+--------------+----------------:
| 2     5678  3     | 4  5678  1   | 69  6789  6789 |
| 4568  1     45678 | 9  5678  578 | 2   3     678  |
| 689   6789  6789  | 3  678   2   | 5   4     1    |
'-------------------'--------------'----------------'

