..5....183..9.................5..37..18.7.....2.......4.....9.....6..4......1....
:0000:x:..5....183+7+19.+8...+8..+1.......+45+8+137+2+518.7.+6..+72+3+4..+1+8+54..+8..9.+1+1+8.6..4....+9.1+4+8..:612 214 215 615 216 716 425 625 228 528 932 335 336 238 438 538 638 439 639 739 956 672 273 285 786 692::
.-------------.-----------------.----------------.
| 269  49  5  | 37   34    36   | 27   1     8   |
| 3    7   1  | 9    25    8    | 25   46    46  |
| 8    46  26 | 1    2456  2567 | 257  39    39  |
:-------------+-----------------+----------------:
| 69   69  4  | 5    8     1    | 3    7     2   |
| 5    1   8  | 23   7     23   | 6    49    49  |
| 7    2   3  | 4    69    69   | 1    8     5   |
:-------------+-----------------+----------------:
| 4    35  67 | 8    235   2357 | 9    2356  1   |
| 1    8   27 | 6    359   2359 | 4    235   37  |
| 26   35  9  | 237  1     4    | 8    2356  367 |
'-------------'-----------------'----------------'

