...52.3..6.1.........8.....7......64.8.2............1.45...6.......7.2...........
:0000:x:...52+13.+66.1+7..+5+2+8+2.+58+6.+4.+17+2..+1+5+864+18+62...+5+3+5..+6...1+245+2..6+1.+7.+6.+17.2+4+5.+1+7+4+5+2+6.+9:912 422 932 362 465 466 966 383 986::
.--------------.--------------.-----------.
| 89   47  489 | 5   2    1   | 3   79  6 |
| 6    39  1   | 7   349  349 | 5   2   8 |
| 2    37  5   | 8   6    39  | 4   79  1 |
:--------------+--------------+-----------:
| 7    2   39  | 39  1    5   | 8   6   4 |
| 1    8   6   | 2   49   479 | 79  5   3 |
| 5    49  349 | 6   389  378 | 79  1   2 |
:--------------+--------------+-----------:
| 4    5   2   | 39  389  6   | 1   38  7 |
| 389  6   89  | 1   7    38  | 2   4   5 |
| 38   1   7   | 4   5    2   | 6   38  9 |
'--------------'--------------'-----------'

