1......3..2..7........2...8.4....7.....6...5....3.....6..14.2..........43........
:0000:x:1..+4..+93+2.2+6.7+3+1+4+5+4+3..2+1+6+78.4+3+2+1.7+8+6+7.+26.+4+35..+6.3.+7+4+2.6..14.2+9+3+2..+7+3...43.+4..+2..+7:812 815 563 573 586 886 592 892 994 595 895::
.-----------------.--------------.------------.
| 1    57    578  | 4   56   568 | 9   3   2  |
| 89   2     6    | 89  7    3   | 1   4   5  |
| 4    3     59   | 59  2    1   | 6   7   8  |
:-----------------+--------------+------------:
| 59   4     3    | 2   1    59  | 7   8   6  |
| 7    189   2    | 6   89   4   | 3   5   19 |
| 589  6     189  | 3   589  7   | 4   2   19 |
:-----------------+--------------+------------:
| 6    578   78   | 1   4    58  | 2   9   3  |
| 2    1589  1589 | 7   3    69  | 58  16  4  |
| 3    19    4    | 58  69   2   | 58  16  7  |
'-----------------'--------------'------------'

