200000047005000030800207100008019003050000080100380400007506002030000600920000008
:0000:x:2000+50+847005000+23080020710+5008019+5+23+35000008+110+238+5400+4+875060+12+53+100060+492+60000+58:644 662::
.----------------.------------------.-------------.
| 2   169    39  | 169    5     13  | 8   4    7  |
| 67  14679  5   | 14689  469   148 | 2   3    69 |
| 8   469    349 | 2      3469  7   | 1   69   5  |
:----------------+------------------+-------------:
| 67  467    8   | 47     1     9   | 5   2    3  |
| 3   5      49  | 467    2467  24  | 79  8    1  |
| 1   79     2   | 3      8     5   | 4   679  69 |
:----------------+------------------+-------------:
| 4   8      7   | 5      39    6   | 39  1    2  |
| 5   3      1   | 789    279   28  | 6   79   4  |
| 9   2      6   | 147    347   134 | 37  5    8  |
'----------------'------------------'-------------'

