000007060009006005350940100000800020100000007020005000002061043400300900010400000
:0000:x:00+100706+900900600535+69401+7000080002010000000702000500000206104340030090001+340+9000:827 442 345 347 447 452 355 256 357 457 358 365 467 772::
.-----------------.---------------.-------------------.
| 28    48    1   | 25   2358  7  | 2348   6     9    |
| 278   478   9   | 12   1238  6  | 234    38    5    |
| 3     5     6   | 9    4     28 | 1      7     28   |
:-----------------+---------------+-------------------:
| 5679  3679  457 | 8    179   34 | 56     2     146  |
| 1     3689  458 | 26   29    34 | 568    589   7    |
| 6789  2     478 | 167  179   5  | 368    1389  1468 |
:-----------------+---------------+-------------------:
| 5789  89    2   | 57   6     1  | 578    4     3    |
| 4     678   578 | 3    2578  28 | 9      158   1268 |
| 5678  1     3   | 4    2578  9  | 25678  58    268  |
'-----------------'---------------'-------------------'

