100050000000300060008000200030002000900010005000600070005000100060007000000090008
:0000:x:10+305+6000000300060+60800020003000200+690+60100050006000700050+6010+7060007000000090+608:714 444 744 844 366 466 866 369::
.-------------------.-------------------.--------------------.
| 1     2479   3    | 2489   5     6    | 4789   489    49   |
| 2457  24579  2479 | 3      2478  1489 | 45789  6      149  |
| 6     4579   8    | 1479   47    149  | 2      13459  1349 |
:-------------------+-------------------+--------------------:
| 4578  3      147  | 59     478   2    | 489    1489   6    |
| 9     2478   6    | 478    1     348  | 348    2348   5    |
| 2458  12458  124  | 6      348   59   | 3489   7      1249 |
:-------------------+-------------------+--------------------:
| 2348  2489   5    | 248    6     348  | 1      2349   7    |
| 2348  6      1249 | 12458  2348  7    | 3459   23459  2349 |
| 2347  1247   1247 | 1245   9     1345 | 6      2345   8    |
'-------------------'-------------------'--------------------'

