000000010020000034000056000000001700008000500004200000000380000650000020070000000
:0000:x:00000001+5020000034000056+20000000170000800050000420000000+2380000650000020+870000000:311 711 312 313 913 415 715 915 416 716 816 916 721 123 923 731 333 733 734 343 943 444 644 944 454 366 766 966 667 476 976 477 677 478 978 179 979 484 494 697 498 698 699::
.-------------------.-------------------.--------------------.
| 49     4689   67  | 4789  23     23   | 689    1     5     |
| 159    2      567 | 1789  179    789  | 689    3     4     |
| 1349   13489  19  | 1489  5      6    | 2      789   789   |
:-------------------+-------------------+--------------------:
| 2359   369    56  | 58    3469   1    | 7      4689  23689 |
| 12379  1369   8   | 679   34679  3479 | 5      469   12369 |
| 13579  1369   4   | 2     3679   58   | 1389   689   13689 |
:-------------------+-------------------+--------------------:
| 149    149    2   | 3     8      57   | 19     567   67    |
| 6      5      139 | 179   1479   479  | 13489  2     13789 |
| 8      7      139 | 1569  12469  2459 | 1349   59    139   |
'-------------------'-------------------'--------------------'

