000003200800704059000080000010000800370805021008000060000070000240301005001600000
:0000:x:00000320+8800704059000080000010000800370805021008000+5600000700002403+910+85001600000:236 246 266 274 295::
.------------------------.-----------------.-------------------.
| 145679  569    45679   | 159   156   3   | 2      147   8    |
| 8       236    236     | 7     126   4   | 136    5     9    |
| 145679  23569  2345679 | 1259  8     69  | 13467  1347  3467 |
:------------------------+-----------------+-------------------:
| 4569    1      24569   | 249   2346  679 | 8      3479  347  |
| 3       7      469     | 8     46    5   | 49     2     1    |
| 49      29     8       | 1249  1234  79  | 5      6     347  |
:------------------------+-----------------+-------------------:
| 569     35689  3569    | 45    7     28  | 13469  1349  2346 |
| 2       4      67      | 3     9     1   | 67     8     5    |
| 579     3589   1       | 6     45    28  | 3479   3479  2347 |
'------------------------'-----------------'-------------------'

