4......8...58.41..6..5..9...9........8791654........7...4..7..8..94.27...5......6
:0000:x:4......8+5+9.58.41+6+76.+85.+19.+4.9.+7+4.....8791654..+4.....7+9..4..7..8+8.94.27..+75....+4.6:312 213 315 141 143 247 347 248 261 263 565 267 367 272 372 375 675 178 278 378 398::
.---------------.----------------.--------------.
| 4    127  13  | 236  2679  39  | 23  8    5   |
| 9    23   5   | 8    23    4   | 1   6    7   |
| 6    237  8   | 5    237   1   | 9   23   4   |
:---------------+----------------+--------------:
| 235  9    236 | 7    4     358 | 68  13   123 |
| 23   8    7   | 9    1     6   | 5   4    23  |
| 135  4    136 | 23   238   358 | 68  7    9   |
:---------------+----------------+--------------:
| 123  16   4   | 136  59    7   | 23  59   8   |
| 8    136  9   | 4    356   2   | 7   135  13  |
| 7    5    123 | 13   389   389 | 4   129  6   |
'---------------'----------------'--------------'

