300000060000008200007500000000070030200000500040002000080000401000060000000300000
:0000:x:3+2+8+70006+500+4+6082+7+30+675+2+3+80+4+80+6+47+503+22+3000+65+4+7+74+50+32+600+68+300+74010+70060+300000300+70+6:864 981::
.----------------.------------------.--------------.
| 3     2    8   | 7     149    149 | 19  6     5  |
| 159   159  4   | 6     19     8   | 2   7     3  |
| 19    6    7   | 5     2      3   | 8   19    4  |
:----------------+------------------+--------------:
| 8     19   6   | 4     7      5   | 19  3     2  |
| 2     3    19  | 189   189    6   | 5   4     7  |
| 7     4    5   | 19    3      2   | 6   189   89 |
:----------------+------------------+--------------:
| 6     8    3   | 29    59     7   | 4   259   1  |
| 145   7    129 | 1289  6      149 | 3   2589  89 |
| 1459  159  129 | 3     14589  149 | 7   2589  6  |
'----------------'------------------'--------------'

