...5...87.768.2....5..9.6...236.....5.......8.....396...8.3..7....4.829.79...6...
:0000:x:...5+6..87.768.2..+9+85.+39+76...236+8.+7..5+6......8.+8...396...8.3..7....4+7829.79...6+8.+3:111 311 411 113 413 233::
.-----------------.------------------.------------------.
| 29    134  29   | 5     6     14   | 134   8     7    |
| 134   7    6    | 8     14    2    | 1345  1345  9    |
| 8     5    14   | 3     9     7    | 6     124   124  |
:-----------------+------------------+------------------:
| 149   2    3    | 6     8     1459 | 7     145   145  |
| 5     6    1479 | 1279  124   149  | 134   1234  8    |
| 14    8    147  | 127   1245  3    | 9     6     1245 |
:-----------------+------------------+------------------:
| 1246  14   8    | 129   3     159  | 145   7     1456 |
| 136   13   15   | 4     7     8    | 2     9     156  |
| 7     9    1245 | 12    125   6    | 8     145   3    |
'-----------------'------------------'------------------'

