005700002781062005000000000090070200200104009006020040000000000400890761100006800
:0000:x:0057000+827810620+350000000+7+609+4+6702+1+8200104+6+590+16020+34+70000+1+7+500400890761100006800:316 336 536 566 371 272 273 292 293::
.---------------.-----------------.-------------.
| 369  346  5   | 7     34    19  | 149  8   2  |
| 7    8    1   | 49    6     2   | 49   3   5  |
| 39   234  239 | 3459  3458  189 | 149  7   6  |
:---------------+-----------------+-------------:
| 35   9    4   | 6     7     35  | 2    1   8  |
| 2    37   378 | 1     38    4   | 6    5   9  |
| 58   1    6   | 59    2     89  | 3    4   7  |
:---------------+-----------------+-------------:
| 689  36   389 | 234   1     7   | 5    29  34 |
| 4    235  23  | 8     9     35  | 7    6   1  |
| 1    357  379 | 2345  345   6   | 8    29  34 |
'---------------'-----------------'-------------'

