600800070400060000008000003003400006001030800500002100700000200000070004050004001
:0000:x:600800+4704000600000080+40+6030034000060010308+405000021+30700000200000070+304+350004+701:726::
.-------------------.----------------------.-----------------.
| 6     1239   259  | 8       1259  1359   | 4   7      259  |
| 4     12379  2579 | 123579  6     1359   | 59  12589  2589 |
| 129   1279   8    | 12579   4     1579   | 6   1259   3    |
:-------------------+----------------------+-----------------:
| 289   2789   3    | 4       1589  15789  | 59  259    6    |
| 29    2679   1    | 5679    3     5679   | 8   4      2579 |
| 5     46789  4679 | 679     89    2      | 1   3      79   |
:-------------------+----------------------+-----------------:
| 7     14689  469  | 13569   1589  135689 | 2   5689   589  |
| 1289  12689  269  | 12569   7     15689  | 3   5689   4    |
| 3     5      269  | 269     289   4      | 7   689    1    |
'-------------------'----------------------'-----------------'

