050090000309805604000000000006900005008207300500004200000000000904306102000010080
:0000:x:050090+800309805604000000+5000069+3+80050082+57300500+1+6420+80000000009043061+52000010080:111 211 711 714 216 131 231 731 132 232 732 236 738 339 742 152 958 772 275 775 978 979 792 999::
.---------------------.--------------.----------------.
| 46     5      127   | 46   9    13 | 8    1237  137 |
| 3      127    9     | 8    27   5  | 6    127   4   |
| 468    468    127   | 467  247  13 | 5    1239  179 |
:---------------------+--------------+----------------:
| 1247   124    6     | 9    3    8  | 47   147   5   |
| 14     49     8     | 2    5    7  | 3    146   169 |
| 5      379    37    | 1    6    4  | 2    79    8   |
:---------------------+--------------+----------------:
| 12678  12368  12357 | 457  48   29 | 479  3467  367 |
| 9      78     4     | 3    78   6  | 1    5     2   |
| 267    236    2357  | 457  1    29 | 479  8     367 |
'---------------------'--------------'----------------'

