310060000260004109005700030000008004470000063100600000050006300601200047000010026
:0000:x:310060+4002600041090+4570+1+630+50+60080+14470+10006310+36+4000005+2+40630+160120004700+4010026:818 835 955 557 566 567 768 269 871 385 985 992 394::
.---------------.-----------------.----------------.
| 3    1    789 | 589  6     259  | 4     57   258 |
| 2    6    78  | 358  358   4    | 1     578  9   |
| 89   4    5   | 7    29    1    | 6     3    28  |
:---------------+-----------------+----------------:
| 5    29   6   | 39   2379  8    | 279   1    4   |
| 4    7    89  | 1    25    259  | 289   6    3   |
| 1    289  3   | 6    4     279  | 2789  589  58  |
:---------------+-----------------+----------------:
| 79   5    2   | 4    789   6    | 3     89   1   |
| 6    389  1   | 2    58    359  | 589   4    7   |
| 789  38   4   | 589  1     3579 | 589   2    6   |
'---------------'-----------------'----------------'

