000010070000008900200700038000090306800173002301020000540007009007900000030040000
:0000:x:0+8001007000000890+12+10700038000+8903+16800173002301020000540007+10900790000+3030040000:413 416 543 953 558 662 762 567 696::
.----------------.------------------.-------------------.
| 469  8    3569 | 23456  1    2569 | 2456   7      45  |
| 467  567  3456 | 23456  356  8    | 9      2456   1   |
| 2    1    4569 | 7      56   4569 | 456    3      8   |
:----------------+------------------+-------------------:
| 47   257  24   | 8      9    45   | 3      1      6   |
| 8    569  456  | 1      7    3    | 45     49     2   |
| 3    59   1    | 456    2    456  | 478    4589   457 |
:----------------+------------------+-------------------:
| 5    4    268  | 236    368  7    | 1      268    9   |
| 16   26   7    | 9      568  1256 | 24568  24568  3   |
| 169  3    2689 | 256    4    125  | 25678  2568   57  |
'----------------'------------------'-------------------'

