000000000030047060000100875100002300006000900002700006567008000080690030000000000
:0000:x:00000000+30300470600001008751000+62300006000900002700+50656700800008069+5+73000+30+70+6+5+8:211 411 911 412 912 413 118 921 231 931 491::
.------------------.------------------.-----------------.
| 678   1257  1589 | 2589  258   69   | 124  249   3    |
| 28    3     1589 | 2589  4     7    | 12   6     129  |
| 46    249   49   | 1     23    369  | 8    7     5    |
:------------------+------------------+-----------------:
| 1     4579  4589 | 4589  6     2    | 3    48    47   |
| 3478  457   6    | 3458  1358  134  | 9    1248  1247 |
| 3489  49    2    | 7     138   1349 | 5    148   6    |
:------------------+------------------+-----------------:
| 5     6     7    | 234   123   8    | 124  1249  1249 |
| 24    8     14   | 6     9     5    | 7    3     124  |
| 29    1249  3    | 24    7     14   | 6    5     8    |
'------------------'------------------'-----------------'

