.781.....39..7.2..1.4...8.7.....3...8..259..6...6.....6.1...7.8..7.3..24.....719.
:0000:x:.781.....39..7+82..1.4+3+9.8.7...+7.3...8+1+3259+4+76+7..6.+4...6.1+9..7.8+9.7.3+1+624....+6719.:216 528 242 542 548 149 272 572 292 592 594::
.----------------.-------------.------------------.
| 25   7    8    | 1   24  56  | 359  3456  359   |
| 3    9    56   | 45  7   8   | 2    146   15    |
| 1    256  4    | 3   9   256 | 8    56    7     |
:----------------+-------------+------------------:
| 245  46   2569 | 7   18  3   | 59   18    259   |
| 8    1    3    | 2   5   9   | 4    7     6     |
| 7    25   259  | 6   18  4   | 359  1358  12359 |
:----------------+-------------+------------------:
| 6    34   1    | 9   24  25  | 7    35    8     |
| 9    58   7    | 58  3   1   | 6    2     4     |
| 245  348  25   | 48  6   7   | 1    9     35    |
'----------------'-------------'------------------'

