400000072008042090300070408031400000000080000000005830904020006080650700760000009
:0000:x:4000000720+7804209+3300070408+83140+700+5000080000000005830904+72000608+365+970076000+4009:132 638 647 552 257 657 258::
.-----------------.-------------------.-----------------.
| 4    159  569   | 13589  1369  1368 | 156   7     2   |
| 156  7    8     | 15     4     2    | 156   9     3   |
| 3    259  2569  | 159    7     16   | 4     15    8   |
:-----------------+-------------------+-----------------:
| 8    3    1     | 4      69    7    | 29    26    5   |
| 256  249  25679 | 1239   8     136  | 19    146   147 |
| 26   249  2679  | 129    169   5    | 8     3     147 |
:-----------------+-------------------+-----------------:
| 9    15   4     | 7      2     138  | 135   158   6   |
| 12   8    3     | 6      5     9    | 7     124   14  |
| 7    6    25    | 138    13    4    | 1235  1258  9   |
'-----------------'-------------------'-----------------'

