002050040000047000300001207061000500000000000009000820205100006000920000010080300
:0000:x:002+350040000+24700030000120706100+25000+2000000000900082020510000600092000001008030+2:811 911 912 616 917 828 633 638 654 655 356 456 556 656 158 958 772 782 588 189::
.--------------------.------------------.---------------------.
| 167    78    2     | 3     5     89   | 16     4      189   |
| 15689  589   68    | 2     4     7    | 169    13569  13589 |
| 3      4589  48    | 68    69    1    | 2      589    7     |
:--------------------+------------------+---------------------:
| 478    6     1     | 478   379   2    | 5      379    349   |
| 4578   2     3478  | 4578  1379  89   | 14679  367    1349  |
| 457    3457  9     | 4567  1367  3456 | 8      2      134   |
:--------------------+------------------+---------------------:
| 2      3489  5     | 1     37    34   | 479    789    6     |
| 4678   348   34678 | 9     2     3456 | 147    178    458   |
| 4679   1     467   | 4567  8     456  | 3      579    2     |
'--------------------'------------------'---------------------'

