900010080008500001000204906650000000000678000000000069502407000100005400030090002
:0000:x:900+71008000850+9001+7+102+84906650+9+400000006780000000+500695024070001000+25400030090002:413 319 421 327 743 146 147 347 451 452 453 257 258 358 359 261 361 262 462 163 363 167 767 867 672 378 783 388 693 197 897 198::
.---------------.-------------.-----------------.
| 9   246   356 | 7   1   36  | 235   8     45  |
| 23  246   8   | 5   36  9   | 27    2347  1   |
| 7   1     35  | 2   8   4   | 9     35    6   |
:---------------+-------------+-----------------:
| 6   5     13  | 9   4   23  | 278   1237  378 |
| 23  29    139 | 6   7   8   | 135   145   45  |
| 48  78    47  | 13  5   123 | 23    6     9   |
:---------------+-------------+-----------------:
| 5   89    2   | 4   36  7   | 1368  19    38  |
| 1   6789  69  | 38  2   5   | 4     79    378 |
| 48  3     47  | 18  9   16  | 567   57    2   |
'---------------'-------------'-----------------'

