76...34......6..8.8.25....6..8...643.........956...8..4....65.8.3..2......19...67
:0000:x:76...34....+3.6..8.8.25....6..8...643+3.+4+6.....956...8..4....65.8+63..2...+4.+819...67:915 932 938 145 745 146 246 746 555 955 556 956 258 764 772 178 978 983 184 186::
.-------------.-------------------.------------------.
| 7   6    59 | 128   18    3     | 4     1259  1259 |
| 15  149  3  | 1247  6     12479 | 1279  8     1259 |
| 8   14   2  | 5     1479  1479  | 1379  137   6    |
:-------------+-------------------+------------------:
| 12  127  8  | 127   59    59    | 6     4     3    |
| 3   127  4  | 6     178   1278  | 1279  1579  1259 |
| 9   5    6  | 1234  1347  1247  | 8     127   12   |
:-------------+-------------------+------------------:
| 4   29   79 | 137   137   6     | 5     23    8    |
| 6   3    57 | 78    2     578   | 19    19    4    |
| 25  8    1  | 9     345   45    | 23    6     7    |
'-------------'-------------------'------------------'

