800000050004002690670100300010029000000401000000670010002003076063800900050000004
:0000:x:8+200000500+3400269067010030+201+60290000004010+600006700100020030760638009+20+950+2000+34:415 716 835 847 953 857 759 859 561 862 963 567 867 569 869 585::
.---------------.----------------.---------------.
| 8     2   19  | 379  369   46  | 147  5   17   |
| 15    3   4   | 57   58    2   | 6    9   178  |
| 6     7   59  | 1    459   458 | 3    48  2    |
:---------------+----------------+---------------:
| 3457  1   6   | 35   2     9   | 457  48  3578 |
| 2357  89  578 | 4    358   1   | 257  6   359  |
| 234   49  58  | 6    7     58  | 24   1   39   |
:---------------+----------------+---------------:
| 14    48  2   | 59   1459  3   | 158  7   6    |
| 147   6   3   | 8    14    457 | 9    2   15   |
| 9     5   178 | 2    16    67  | 18   3   4    |
'---------------'----------------'---------------'

