940002001703800905000090080000700000107040209000001000070030000302005804500200073
:0000:x:94+8002+7017038+1090500009+708000070000+810704020900000100+7+8700300003020+75804500200073:232 632 633 534 634 637 443 348 552 652 354 962 463 364 664 674 984 188 193::
.------------------.-----------------.------------------.
| 9    4      8    | 356  56    2    | 7      36     1  |
| 7    26     3    | 8    1     46   | 9      246    5  |
| 26   15     15   | 34   9     7    | 34     8      26 |
:------------------+-----------------+------------------:
| 246  23569  569  | 7    256   369  | 13456  1456   8  |
| 1    38     7    | 56   4     368  | 2      356    9  |
| 246  23568  569  | 59   2568  1    | 3456   3456   7  |
:------------------+-----------------+------------------:
| 8    7      1469 | 149  3     469  | 156    12569  26 |
| 3    169    2    | 16   7     5    | 8      69     4  |
| 5    169    469  | 2    68    4689 | 16     7      3  |
'------------------'-----------------'------------------'

