000240500000018000004905123540000080002000400010000059251307800000580000003024000
:0000:x:+10024+350+8+3+2+50180000049051235400000800+32+8+5040001+8+400059251307800+4005800+3000302400+5:918 628 645 747 149 156 698::
.-----------------.----------------.-----------------.
| 1     679   679 | 2    4    3    | 5     67   8    |
| 3     2     5   | 67   1    8    | 679   479  467  |
| 678   678   4   | 9    67   5    | 1     2    3    |
:-----------------+----------------+-----------------:
| 5     4     679 | 167  379  1269 | 236   8    267  |
| 679   3     2   | 8    5    69   | 4     167  167  |
| 67    1     8   | 4    367  26   | 2367  5    9    |
:-----------------+----------------+-----------------:
| 2     5     1   | 3    69   7    | 8     469  46   |
| 4     679   679 | 5    8    169  | 2679  3    1267 |
| 6789  6789  3   | 16   2    4    | 679   179  5    |
'-----------------'----------------'-----------------'

