400010700000004030051036000560200000003000800000007095000870910090400000005090004
:0000:x:4+300107000000040300510360005602000000030+5080000000709500087+5910090400000005090004:813 916 818 221 223 227 229 151 152 252 954 164 167 683 689 298::
.--------------------.----------------.-------------------.
| 4       3     269  | 59   1    28   | 7     256    2689 |
| 6789    278   6789 | 579  28   4    | 156   3      1689 |
| 2789    5     1    | 79   3    6    | 24    248    289  |
:--------------------+----------------+-------------------:
| 5       6     4789 | 2    48   1389 | 134   47     137  |
| 279     47    3    | 16   5    19   | 8     2467   1267 |
| 128     1248  248  | 36   468  7    | 2346  9      5    |
:--------------------+----------------+-------------------:
| 236     24    246  | 8    7    5    | 9     1      236  |
| 123678  9     278  | 4    26   123  | 2356  25678  2378 |
| 123678  1278  5    | 136  9    123  | 236   678    4    |
'--------------------'----------------'-------------------'

