005007060270800500800010020760100000003000600000004087030020006001006072020300900
:0000:x:+3+15+2070602708+6050080+6010+72076010000000300+2600000+6+34087030020006001006+372+620300900:943 845 551 951 552 952 895::
.-----------------.------------------.-----------------.
| 3    1     5    | 2     49    7    | 48   6     489  |
| 2    7     49   | 8     6     39   | 5    1349  1349 |
| 8    49    6    | 459   1     359  | 7    2     349  |
:-----------------+------------------+-----------------:
| 7    6     248  | 1     59    589  | 24   3459  3459 |
| 14   48    3    | 579   5789  2    | 6    1459  1459 |
| 159  59    29   | 6     3     4    | 12   8     7    |
:-----------------+------------------+-----------------:
| 459  3     4789 | 4579  2     1589 | 148  145   6    |
| 459  4589  1    | 459   4589  6    | 3    7     2    |
| 6    2     478  | 3     457   158  | 9    145   1458 |
'-----------------'------------------'-----------------'

