760100002008200000102070090200500078000090000970003005050020409000001500600008027
:0000:x:760100002008200+70010207+5090200500+9780+80+79+2000970003+20505002+74090+2+7+9015006000+58027:313 818 628 442 351 153 353 664 168 388 193 393::
.-----------------.-----------------.-----------------.
| 7    6     459  | 1     348   49  | 38   345   2    |
| 345  349   8    | 2     346   469 | 7    1345  1346 |
| 1    34    2    | 3468  7     5   | 368  9     346  |
:-----------------+-----------------+-----------------:
| 2    13    1346 | 5     146   46  | 9    7     8    |
| 45   8     456  | 7     9     2   | 136  1346  1346 |
| 9    7     146  | 48    1468  3   | 2    46    5    |
:-----------------+-----------------+-----------------:
| 38   5     13   | 36    2     7   | 4    1368  9    |
| 348  2     7    | 9     346   1   | 5    68    36   |
| 6    1349  49   | 34    5     8   | 13   2     7    |
'-----------------'-----------------'-----------------'

