000000000000000000000000000000000000000000000000000000000000000000000000000000000
:0000:x:0000000000000000000000000000+400+100+200+100+200+300+200+300+40000000000000000000000000000:111 211 311 411 511 611 711 811 911 312 512 612 712 812 912 113 213 313 413 513 613 713 813 913 114 214 314 414 514 614 714 814 914 415 515 615 715 815 915 116 216 316 416 516 616 716 816 916 117 217 317 417 517 617 717 817 917 118 518 618 718 818 918 119 219 319 419 519 619 719 819 919 121 221 321 421 521 621 721 821 921 322 522 622 722 822 922 123 223 323 423 523 623 723 823 923 124 224 324 424 524 624 724 824 924 425 525 625 725 825 925 126 226 326 426 526 626 726 826 926 127 227 327 427 527 627 727 827 927 128 528 628 728 828 928 129 229 329 429 529 629 729 829 929 131 231 331 431 531 631 731 831 931 332 532 632 732 832 932 133 233 333 433 533 633 733 833 933 134 234 334 434 534 634 734 834 934 435 535 635 735 835 935 136 236 336 436 536 636 736 836 936 137 237 337 437 537 637 737 837 937 138 538 638 738 838 938 139 239 339 439 539 639 739 839 939 341 541 641 741 841 941 343 543 643 743 843 943 544 644 744 844 944 546 646 746 846 946 547 647 747 847 947 549 649 749 849 949 551 651 751 851 951 553 653 753 853 953 454 554 654 754 854 954 456 556 656 756 856 956 557 657 757 857 957 559 659 759 859 959 561 661 761 861 961 563 663 763 863 963 564 664 764 864 964 566 666 766 866 966 167 567 667 767 867 967 169 569 669 769 869 969 171 271 371 471 571 671 771 871 971 372 572 672 772 872 972 173 273 373 473 573 673 773 873 973 174 274 374 474 574 674 774 874 974 475 575 675 775 875 975 176 276 376 476 576 676 776 876 976 177 277 377 477 577 677 777 877 977 178 578 678 778 878 978 179 279 379 479 579 679 779 879 979 181 281 381 481 581 681 781 881 981 382 582 682 782 882 982 183 283 383 483 583 683 783 883 983 184 284 384 484 584 684 784 884 984 485 585 685 785 885 985 186 286 386 486 586 686 786 886 986 187 287 387 487 587 687 787 887 987 188 588 688 788 888 988 189 289 389 489 589 689 789 889 989 191 291 391 491 591 691 791 891 991 392 592 692 792 892 992 193 293 393 493 593 693 793 893 993 194 294 394 494 594 694 794 894 994 495 595 695 795 895 995 196 296 396 496 596 696 796 896 996 197 297 397 497 597 697 797 897 997 198 598 698 798 898 998 199 299 399 499 599 699 799 899 999::
.---------.---------.---------.
| 0  0  0 | 0  0  0 | 0  0  0 |
| 0  0  0 | 0  0  0 | 0  0  0 |
| 0  0  0 | 0  0  0 | 0  0  0 |
:---------+---------+---------:
| 0  4  0 | 0  1  0 | 0  2  0 |
| 0  1  0 | 0  2  0 | 0  3  0 |
| 0  2  0 | 0  3  0 | 0  4  0 |
:---------+---------+---------:
| 0  0  0 | 0  0  0 | 0  0  0 |
| 0  0  0 | 0  0  0 | 0  0  0 |
| 0  0  0 | 0  0  0 | 0  0  0 |
'---------'---------'---------'

