690400500050100090000000006076809350008507200015306780700000000080001030002003075
:0000:x:69+140+85+200501+6+2+890+8+2000+5+1+460768093500085072+60015306780700+2+5+40+1+8+58000103+2+1020+83075:::
.--------------.-------------.-------------.
| 6    9   1   | 4    37   8 | 5    2  37  |
| 34   5   347 | 1    6    2 | 8    9  37  |
| 8    2   37  | 79   379  5 | 1    4  6   |
:--------------+-------------+-------------:
| 24   7   6   | 8    124  9 | 3    5  14  |
| 349  34  8   | 5    14   7 | 2    6  149 |
| 249  1   5   | 3    24   6 | 7    8  49  |
:--------------+-------------+-------------:
| 7    36  39  | 2    5    4 | 69   1  8   |
| 5    8   49  | 679  79   1 | 469  3  2   |
| 1    46  2   | 69   8    3 | 469  7  5   |
'--------------'-------------'-------------'

