070000408200090000000030600060700500000000092001000000900000010000800000300000000
:0000:x:07+90004+3820009+8+7+5+100003+76+2+9+86+27+1+95+4+30000+80+1920+91+300+800900000+31000080+3+900300+90+1+2+80:432 532 453 454 761 665 666 472 572 474 482 582 689 789::
.-------------------.-------------------.-------------.
| 156    7    9     | 1256  256    256  | 4  3   8    |
| 2      34   346   | 46    9      8    | 7  5   1    |
| 145    18   458   | 145   3      7    | 6  2   9    |
:-------------------+-------------------+-------------:
| 8      6    2     | 7     1      9    | 5  4   3    |
| 457    345  357   | 56    8      456  | 1  9   2    |
| 45     9    1     | 3     245    245  | 8  67  67   |
:-------------------+-------------------+-------------:
| 9      28   45678 | 256   24567  2456 | 3  1   4567 |
| 14567  12   4567  | 8     24567  3    | 9  67  45   |
| 3      45   4567  | 9     4567   1    | 2  8   4567 |
'-------------------'-------------------'-------------'

