390000001100503900000000750000020006630108097200060000083000000001604008700000049
:0000:x:39+500000110+7503900+800+90075+3+50002000663+41+58+297200060000+4830+90000+901604008700000049:414 716 218 222 236 744 764 776 394 697::
.------------.---------------.-----------------.
| 3  9    5  | 278  478  26  | 468    68    1  |
| 1  46   7  | 5    48   3   | 9      268   24 |
| 8  246  26 | 9    14   16  | 7      5     3  |
:------------+---------------+-----------------:
| 5  17   89 | 34   2    79  | 1348   138   6  |
| 6  3    4  | 1    5    8   | 2      9     7  |
| 2  17   89 | 34   6    79  | 13458  138   45 |
:------------+---------------+-----------------:
| 4  8    3  | 27   9    125 | 156    1267  25 |
| 9  25   1  | 6    37   4   | 35     237   8  |
| 7  256  26 | 28   138  125 | 135    4     9  |
'------------'---------------'-----------------'

