000000100038007000100000062000750000800006200004890000000400803000030001065000000
:0000:x:00+60+20100+238+6+17+5+4+91000+8006200+3750+4008+7+1+3+462+9+50048900000+1+24+60803+4+80+230+601+365+1+7+8+9+2+4:912 516 916 718 536 936 768::
.--------------.-----------.------------.
| 579  45   6  | 59  2  34 | 1   38  78 |
| 2    3    8  | 6   1  7  | 5   4   9  |
| 1    459  79 | 59  8  34 | 37  6   2  |
:--------------+-----------+------------:
| 69   29   3  | 7   5  12 | 4   18  68 |
| 8    7    1  | 3   4  6  | 2   9   5  |
| 56   25   4  | 8   9  12 | 37  13  67 |
:--------------+-----------+------------:
| 79   1    2  | 4   6  59 | 8   57  3  |
| 4    8    79 | 2   3  59 | 6   57  1  |
| 3    6    5  | 1   7  8  | 9   2   4  |
'--------------'-----------'------------'

