900050030400100908006090402000970020004216800090030000803000200700009080049080006
:0000:x:900050030400100908006090402000970020004216800090030000803000200700009080049080006:714 814 223 642 558 466 568 469 474 476 578 479 779 484 685 598::
.--------------------.----------------.------------------.
| 9     1278   1278  | 46   5   2478  | 167   3     17   |
| 4     2357   57    | 1    26  237   | 9     567   8    |
| 135   13578  6     | 378  9   378   | 4     157   2    |
:--------------------+----------------+------------------:
| 1356  1358   158   | 9    7   458   | 1356  2     1345 |
| 35    357    4     | 2    1   6     | 8     79    3579 |
| 1256  9      12578 | 458  3   58    | 1567  1467  157  |
:--------------------+----------------+------------------:
| 8     156    3     | 567  46  157   | 2     1479  159  |
| 7     1256   125   | 356  24  9     | 135   8     1345 |
| 125   4      9     | 357  8   12357 | 1357  17    6    |
'--------------------'----------------'------------------'

