703001006000000030090600200000070801000302000508090000001004020070000000600800409
:0000:x:703001006000+70003009060020+7000+47+580100+73+820005+48+19+6+3+7+20010+64+72007000000060080+7409:::
.--------------------.---------------.----------------.
| 7      258    3    | 259  245   1  | 59   4589  6   |
| 1248   12568  2456 | 7    245   89 | 159  3     458 |
| 148    9      45   | 6    345   38 | 2    1458  7   |
:--------------------+---------------+----------------:
| 239    236    269  | 4    7     5  | 8    69    1   |
| 19     16     7    | 3    8     2  | 569  4569  45  |
| 5      4      8    | 1    9     6  | 3    7     2   |
:--------------------+---------------+----------------:
| 389    358    1    | 59   6     4  | 7    2     358 |
| 23489  7      2459 | 259  1235  39 | 156  1568  358 |
| 6      235    25   | 8    1235  7  | 4    15    9   |
'--------------------'---------------'----------------'

