000000703000004000578900400000502004005160000900000000000720010009000006060003000
:0000:x:0000+5+87+930+9+30+74+1+8+55789+3+14+6+20+105+82+9+3400516+90009+8+2+3+4+7+6+5+10+5+472+601+90090+1+50060600+93+500:211 611 751::
.--------------.----------.--------------.
| 14    24  16 | 26  5  8 | 7    9    3  |
| 26    9   3  | 26  7  4 | 1    8    5  |
| 5     7   8  | 9   3  1 | 4    6    2  |
:--------------+----------+--------------:
| 67    1   67 | 5   8  2 | 9    3    4  |
| 34    34  5  | 1   6  9 | 28   27   78 |
| 9     8   2  | 3   4  7 | 6    5    1  |
:--------------+----------+--------------:
| 38    5   4  | 7   2  6 | 38   1    9  |
| 2378  23  9  | 48  1  5 | 238  247  6  |
| 1278  6   17 | 48  9  3 | 5    247  78 |
'--------------'----------'--------------'

