000592400004160090082003000600300080000004700000070105007000006030000000506001000
:0000:x:0+6059240+80+5416+8090+982+7+43+6+5+16+7030008+40000047+6000007+6105007000006030+60+7000506001000:::
.-------------------.----------------.-------------------.
| 137   6     13    | 5     9     2  | 4      37    8    |
| 37    5     4     | 1     6     8  | 23     9     237  |
| 9     8     2     | 7     4     3  | 6      5     1    |
:-------------------+----------------+-------------------:
| 6     7     159   | 3     125   59 | 29     8     4    |
| 1238  129   13589 | 289   1258  4  | 7      6     239  |
| 2348  249   389   | 289   7     6  | 1      23    5    |
:-------------------+----------------+-------------------:
| 1248  1249  7     | 2489  2358  59 | 23589  1234  6    |
| 1248  3     189   | 6     258   7  | 2589   124   29   |
| 5     249   6     | 2489  238   1  | 2389   2347  2379 |
'-------------------'----------------'-------------------'

