000001450000050002021090300000206030007080500060507000002070160800060000079300000
:0000:x:00+60+2145+900005+3+6+12+521+69+430000+52+46030007+18+950+60605+37000+4+52+97+816+38+1+3+460000+6793+10000:::
.--------------.-----------.----------------.
| 37   38   6  | 78  2  1  | 4    5     9   |
| 79   489  48 | 78  5  3  | 6    1     2   |
| 5    2    1  | 6   9  4  | 3    78    78  |
:--------------+-----------+----------------:
| 19   89   5  | 2   4  6  | 789  3     178 |
| 23   34   7  | 1   8  9  | 5    24    6   |
| 129  6    48 | 5   3  7  | 289  2489  148 |
:--------------+-----------+----------------:
| 4    5    2  | 9   7  8  | 1    6     3   |
| 8    1    3  | 4   6  25 | 279  279   57  |
| 6    7    9  | 3   1  25 | 28   248   458 |
'--------------'-----------'----------------'

