000080200005000040020005000000007000000210097104000030000000000097300520008051360
:0000:x:000080200005000040020005000+9+6+2+8+3700000+321+4+6971+74+500+83+200+1000000+6973+4+852+1+2+48+75136+9:::
.---------------.------------------.---------------.
| 347   13   69 | 1469  8     369  | 2    157  356 |
| 378   138  5  | 169   2679  2369 | 179  4    368 |
| 3478  2    69 | 1469  679   5    | 179  178  368 |
:---------------+------------------+---------------:
| 9     6    2  | 8     3     7    | 14   15   45  |
| 58    58   3  | 2     1     4    | 6    9    7   |
| 1     7    4  | 5     69    69   | 8    3    2   |
:---------------+------------------+---------------:
| 35    35   1  | 69    269   269  | 47   78   48  |
| 6     9    7  | 3     4     8    | 5    2    1   |
| 2     4    8  | 7     5     1    | 3    6    9   |
'---------------'------------------'---------------'

