100005800400200000002000470000006003000070910290000000004000200000048050000100080
:0000:x:100+40580040020+70000020004700000060030000709102900000000040002000+2004805000010008+4:::
.------------------------.-------------------.------------------.
| 1       367     3679   | 4      369    5   | 8     2369  269  |
| 4       3568    35689  | 2      13689  7   | 1356  369   1569 |
| 35689   3568    2      | 3689   13689  139 | 4     7     1569 |
:------------------------+-------------------+------------------:
| 578     14578   1578   | 589    12589  6   | 57    24    3    |
| 3568    34568   3568   | 358    7      234 | 9     1     2568 |
| 2       9       135678 | 358    1358   134 | 567   46    5678 |
:------------------------+-------------------+------------------:
| 356789  135678  4      | 35679  3569   39  | 2     369   1679 |
| 3679    2       13679  | 3679   4      8   | 1367  5     1679 |
| 35679   3567    35679  | 1      23569  239 | 367   8     4    |
'------------------------'-------------------'------------------'

