000300070052041000000605100580000207400000005607000098006207000000410620090003000
:0000:x:0+60300+57005204100+600060510058000+42+674+2+900+6+3+1560700+2+49800620700000+5410620+2900+63+700:479::
.----------------.---------------.----------------.
| 189   6    148 | 3    289   89 | 5   7     249  |
| 3789  5    2   | 789  4     1  | 89  38    6    |
| 3789  347  348 | 6    2789  5  | 1   348   2349 |
:----------------+---------------+----------------:
| 5     8    13  | 19   39    4  | 2   6     7    |
| 4     2    9   | 78   78    6  | 3   1     5    |
| 6     13   7   | 15   35    2  | 4   9     8    |
:----------------+---------------+----------------:
| 138   134  6   | 2    589   7  | 89  3458  139  |
| 378   37   5   | 4    1     89 | 6   2     39   |
| 2     9    148 | 58   6     3  | 7   458   14   |
'----------------'---------------'----------------'

