018200000300060000200708100060000000400129005000000030003607004000010009000003280
:0000:x:0182+30+60+73+7006+10+2+820+670810+3060+3000004+3+7129+8+6500000+60300+23607+5+14+60001+2+3+79+70+100328+6:543 861 865::
.----------------.---------------.--------------.
| 59    1    8   | 2    3     45 | 6    459  7  |
| 3     7    459 | 459  6     1  | 49   2    8  |
| 2     459  6   | 7    459   8  | 1    459  3  |
:----------------+---------------+--------------:
| 1589  6    29  | 3    4578  45 | 479  49   12 |
| 4     3    7   | 1    2     9  | 8    6    5  |
| 159   589  259 | 458  457   6  | 479  3    12 |
:----------------+---------------+--------------:
| 89    2    3   | 6    89    7  | 5    1    4  |
| 6     458  45  | 458  1     2  | 3    7    9  |
| 7     459  1   | 459  459   3  | 2    8    6  |
'----------------'---------------'--------------'

