000680000008003942310009000000100007001090300200004000000500068864300500000068000
:0000:x:000680000+6+58+7+13942310+409000000100007001+290300200+8040000005+40068864300500000+968000:392 393::
.------------------.-------------.------------------.
| 479  2479  279   | 6  8    25  | 17    1357  135  |
| 6    5     8     | 7  1    3   | 9     4     2    |
| 3    1     27    | 4  25   9   | 678   578   56   |
:------------------+-------------+------------------:
| 459  3489  3569  | 1  35   56  | 2468  2589  7    |
| 457  478   1     | 2  9    567 | 3     58    456  |
| 2    379   35679 | 8  357  4   | 16    159   1569 |
:------------------+-------------+------------------:
| 179  2379  2379  | 5  4    127 | 127   6     8    |
| 8    6     4     | 3  27   127 | 5     1279  19   |
| 157  27    257   | 9  6    8   | 1247  1237  134  |
'------------------'-------------'------------------'

