450100000003000060001070409310000500700060003005000042502010800030000700000002051
:0000:x:45010+6+2+3+70+73000+16+5+2+61+57+34+8931+60005+7+87+2+4+86+5+9+13005+7+3+1+6425+42+31+78+9+6+130+6+507+2+4+60+7002+351:::
.------------.----------------.---------.
| 4   5   89 | 1    89    6   | 2  3  7 |
| 89  7   3  | 249  2489  489 | 1  6  5 |
| 2   6   1  | 5    7     3   | 4  8  9 |
:------------+----------------+---------:
| 3   1   6  | 249  249   49  | 5  7  8 |
| 7   2   4  | 8    6     5   | 9  1  3 |
| 89  89  5  | 7    3     1   | 6  4  2 |
:------------+----------------+---------:
| 5   4   2  | 3    1     7   | 8  9  6 |
| 1   3   89 | 6    5     89  | 7  2  4 |
| 6   89  7  | 49   489   2   | 3  5  1 |
'------------'----------------'---------'

