000008609150009000406010700071050080300000002000002000040030000000096000000000406
:0000:x:+700+5+486+1915+8+7+6900+44+96+21+37+5+8+271+65+4+98+33+8+4+9+7+1+5+620+60+3+82+1+4+7+640030000000+4960000000+20406:::
.----------------.-----------.--------------.
| 7    23   23   | 5   4  8  | 6    1    9  |
| 1    5    8    | 7   6  9  | 23   23   4  |
| 4    9    6    | 2   1  3  | 7    5    8  |
:----------------+-----------+--------------:
| 2    7    1    | 6   5  4  | 9    8    3  |
| 3    8    4    | 9   7  1  | 5    6    2  |
| 59   6    59   | 3   8  2  | 1    4    7  |
:----------------+-----------+--------------:
| 6    4    2579 | 18  3  57 | 28   279  15 |
| 58   123  2357 | 4   9  6  | 238  237  15 |
| 589  13   3579 | 18  2  57 | 4    379  6  |
'----------------'-----------'--------------'

