100000003050090060002000400000500080900080600060007000004000200080050070300000001
:0000:x:100000003050090060002000400000500080900080600060007000004000200080050070300000001:724 824 826 742 752 153 353 558 259 459 568 968 684 984 686 986::
.------------------.-----------------------.------------------.
| 1     479   6789 | 24678   2467   24568  | 5789  259   3    |
| 478   5     378  | 1234    9      1234   | 178   6     278  |
| 678   379   2    | 13678   1367   13568  | 4     159   5789 |
:------------------+-----------------------+------------------:
| 247   1234  137  | 5       12346  123469 | 1379  8     2479 |
| 9     1234  57   | 1234    8      1234   | 6     1234  57   |
| 2458  6     1358 | 12349   1234   7      | 1359  1234  2459 |
:------------------+-----------------------+------------------:
| 567   179   4    | 136789  1367   13689  | 2     359   5689 |
| 26    8     169  | 1234    5      1234   | 39    7     469  |
| 3     279   5679 | 246789  2467   24689  | 589   459   1    |
'------------------'-----------------------'------------------'

