100000006030080050002000700000504030000030000040809000006000100050090040200000007
:0000:x:100000006030080050002000700000504030000030000040809000006000100050090040200000007:713 217 424 924 631 139 842 942 651 751 852 952 153 753 257 657 858 958 159 259 771 279 384 386 886 193 697::
.------------------.--------------------.------------------.
| 1     789   4589 | 23479  2457  2357  | 3489  289   6    |
| 4679  3     479  | 1267   8     1267  | 249   5     1249 |
| 4589  689   2    | 13469  1456  1356  | 7     189   3489 |
:------------------+--------------------+------------------:
| 6789  1267  1789 | 5      1267  4     | 2689  3     1289 |
| 589   1267  589  | 1267   3     1267  | 4589  1267  4589 |
| 3567  4     1357 | 8      1267  9     | 256   1267  125  |
:------------------+--------------------+------------------:
| 3489  789   6    | 2347   2457  23578 | 1     289   3589 |
| 378   5     1378 | 1267   9     1267  | 2368  4     238  |
| 2     189   3489 | 1346   1456  13568 | 3589  689   7    |
'------------------'--------------------'------------------'

