100000006030080050002000700000504030000030000040809000006000100050090040200000007
:0000:x:100000006030080050002000700000504030000030000040809000006000100050090040200000007:::
.----------------------.----------------------.------------------------.
| 1      789     45789 | 23479   2457  2357   | 23489   289     6      |
| 4679   3       479   | 124679  8     1267   | 249     5       1249   |
| 45689  689     2     | 13469   1456  1356   | 7       189     13489  |
:----------------------+----------------------+------------------------:
| 6789   126789  1789  | 5       1267  4      | 2689    3       1289   |
| 56789  126789  15789 | 1267    3     1267   | 245689  126789  124589 |
| 3567   4       1357  | 8       1267  9      | 256     1267    125    |
:----------------------+----------------------+------------------------:
| 34789  789     6     | 2347    2457  23578  | 1       289     23589  |
| 378    5       1378  | 12367   9     123678 | 2368    4       238    |
| 2      189     13489 | 1346    1456  13568  | 35689   689     7      |
'----------------------'----------------------'------------------------'

