100000900030007040005000002000006070000010000040308000900000005070800030002000100
:0000:x:100000900030007040005000002000006070000010000040308000900000005070800030002000100:613 813 619 819 631 831 637 837::
.----------------------.----------------------.----------------------.
| 1       268    47    | 2456   234568  2345  | 9       568    37    |
| 268     3      689   | 12569  25689   7     | 568     4      168   |
| 47      689    5     | 1469   34689   1349  | 37      168    2     |
:----------------------+----------------------+----------------------:
| 2358    12589  1389  | 2459   2459    6     | 23458   7      13489 |
| 235678  25689  36789 | 24579  1       2459  | 234568  25689  34689 |
| 2567    4      1679  | 3      2579    8     | 256     12569  169   |
:----------------------+----------------------+----------------------:
| 9       168    13468 | 12467  23467   1234  | 24678   268    5     |
| 456     7      146   | 8      24569   12459 | 246     3      469   |
| 34568   568    2     | 45679  345679  3459  | 1       689    46789 |
'----------------------'----------------------'----------------------'

