000000000000000000000000000000000000000000000000000000000000000000000000000000000
:0000:x:+100000+9000+300000+4000+500000+2000000000000000000000000000+90000000+50+700000+3000+2000+100:::
.---------------------------.---------------------------------.---------------------------.
| 1        2468     4678    | 2345678    2345678    2345678   | 9        5678     3678    |
| 2678     3        6789    | 1256789    1256789    1256789   | 5678     4        1678    |
| 4678     4689     5       | 1346789    1346789    1346789   | 3678     1678     2       |
:---------------------------+---------------------------------+---------------------------:
| 2345678  1245689  1346789 | 123456789  123456789  123456789 | 2345678  1256789  1346789 |
| 2345678  1245689  1346789 | 123456789  123456789  123456789 | 2345678  1256789  1346789 |
| 2345678  1245689  1346789 | 123456789  123456789  123456789 | 2345678  1256789  1346789 |
:---------------------------+---------------------------------+---------------------------:
| 9        1468     13468   | 1234678    1234678    1234678   | 24678    2678     5       |
| 4568     7        1468    | 1245689    1245689    1245689   | 2468     3        4689    |
| 34568    4568     2       | 3456789    3456789    3456789   | 1        6789     46789   |
'---------------------------'---------------------------------'---------------------------'

