100006800030000040009000002040000030002000009800010600000078000000002700700651000
:0000:x:100006800030000040009000002040000030002000009800010600000078000000002700700651000:::
.-----------------------.---------------------.-----------------------.
| 1       257    457    | 234579  2349  6     | 8       579    357    |
| 256     3      5678   | 125789  289   579   | 159     4      1567   |
| 456     5678   9      | 134578  348   3457  | 135     1567   2      |
:-----------------------+---------------------+-----------------------:
| 569     4      1567   | 25789   2689  579   | 125     3      1578   |
| 356     1567   2      | 34578   3468  3457  | 145     1578   9      |
| 8       579    357    | 234579  1     34579 | 6       257    457    |
:-----------------------+---------------------+-----------------------:
| 234569  12569  13456  | 349     7     8     | 123459  12569  13456  |
| 34569   15689  134568 | 349     349   2     | 7       15689  134568 |
| 7       289    348    | 6       5     1     | 2349    289    348    |
'-----------------------'---------------------'-----------------------'

