300790104000000000217400600000009750000278000062100000003007561000000000108026007
:0000:x:30+67901040+90+6+100+702174+8+36+9+500+1+3+6975+2+5+3+9278+4+1+6+7621+5+4000+9+23+8+47561+6+700+3+1000108026007:::
.------------.-----------.---------------.
| 3   58  6  | 7   9  25 | 1    28   4   |
| 48  9   45 | 6   1  25 | 238  7    38  |
| 2   1   7  | 4   8  3  | 6    9    5   |
:------------+-----------+---------------:
| 48  48  1  | 3   6  9  | 7    5    2   |
| 5   3   9  | 2   7  8  | 4    1    6   |
| 7   6   2  | 1   5  4  | 389  38   389 |
:------------+-----------+---------------:
| 9   2   3  | 8   4  7  | 5    6    1   |
| 6   7   45 | 59  3  1  | 289  248  89  |
| 1   45  8  | 59  2  6  | 39   34   7   |
'------------'-----------'---------------'

