310800000500600000000010020000200045230090076680007000020080000000003001000004057
:0000:x:31080000050060000000001002000020004523+5+49007668+40+5700+2020+580000+4+50003+2+810000+24057:913 917 827 934 337 837 146 147 947 971 673 973 976 783 991 693 993 997::
.-----------------.--------------.------------------.
| 3    1     267  | 8   47   259 | 4567   69   49   |
| 5    479   2789 | 6   347  29  | 13479  139  3489 |
| 789  4679  6789 | 37  1    59  | 45679  2    3489 |
:-----------------+--------------+------------------:
| 179  79    179  | 2   36   68  | 38     4    5    |
| 2    3     5    | 4   9    18  | 18     7    6    |
| 6    8     4    | 13  5    7   | 139    139  2    |
:-----------------+--------------+------------------:
| 17   2     137  | 5   8    16  | 3469   369  349  |
| 4    5     69   | 79  67   3   | 2      8    1    |
| 18   69    138  | 19  2    4   | 36     5    7    |
'-----------------'--------------'------------------'

