100004300000007000003050016000800103010000000750000002002300095009400000000006080
:0000:x:10+70043+5000+5+1+370+2+40+43050+71600080+51+73+310+700+5007500+1+300200230+1+495+509400+6+3+1+4+3+1+5+96+28+7:612 215 236 641 642 245::
.---------------.--------------.------------.
| 1    289  7   | 269  68   4  | 3   5   89 |
| 689  689  5   | 1    3    7  | 89  2   4  |
| 289  4    3   | 29   5    89 | 7   1   6  |
:---------------+--------------+------------:
| 29   29   46  | 8    46   5  | 1   7   3  |
| 3    1    468 | 7    246  29 | 5   46  89 |
| 7    5    468 | 69   1    3  | 89  46  2  |
:---------------+--------------+------------:
| 68   678  2   | 3    78   1  | 4   9   5  |
| 5    78   9   | 4    278  28 | 6   3   1  |
| 4    3    1   | 5    9    6  | 2   8   7  |
'---------------'--------------'------------'

