100030009000009080000000200070000006500007000003020041300400060001005800020060003
:0000:x:100+23+4+609+20+6009+3800+3000+62+1007000+3+5+265+1+2+6+47+9+3+8003+52+8+74130040+2+160001+30580+202006+1+403:725 831 533 833 735 941 943 773 781 981 982 794 798::
.----------------.------------.------------.
| 1    58   578  | 2   3    4 | 6  57  9   |
| 2    45   6    | 17  15   9 | 3  8   457 |
| 479  3    479  | 78  58   6 | 2  1   457 |
:----------------+------------+------------:
| 48   7    48   | 19  19   3 | 5  2   6   |
| 5    1    2    | 6   4    7 | 9  3   8   |
| 69   69   3    | 5   2    8 | 7  4   1   |
:----------------+------------+------------:
| 3    589  589  | 4   789  2 | 1  6   57  |
| 46   46   1    | 3   79   5 | 8  79  2   |
| 789  2    5789 | 89  6    1 | 4  59  3   |
'----------------'------------'------------'

