800004005003029100040000028010000000000060409000100560700000000000007000002540630
:0000:x:8+20004005+5+73+8291+4+6040000028010+4000000000604+1900010056070000000000000700000254063+7:315 335 743 843 345 745 845 846 247 347 862 365 972 673 973 374 975 176 376 876 279 681 981 982 683 983 384 985 289::
.------------------.----------------.--------------.
| 8     2     169  | 367  17   4    | 379  79   5  |
| 5     7     3    | 8    2    9    | 1    4    6  |
| 169   4     169  | 367  157  1356 | 379  2    8  |
:------------------+----------------+--------------:
| 2369  1     569  | 4    59   235  | 78   78   23 |
| 23    358   578  | 237  6    2358 | 4    1    9  |
| 2349  39    4789 | 1    789  238  | 5    6    23 |
:------------------+----------------+--------------:
| 7     3568  1458 | 269  138  26   | 289  589  14 |
| 134   3568  1458 | 269  138  7    | 289  589  14 |
| 19    89    2    | 5    4    18   | 6    3    7  |
'------------------'----------------'--------------'

