000009002020600010905030800200005000008400003050060080000100400701008009040000050
:0000:x:0000+5900202060+4+91+5905+23+1800200005000008400+503050060080+500100400701+5+48009040000050:311 312 313 418 373 278 393 297::
.--------------------.------------------.------------------.
| 1468  1678   467   | 78    5     9    | 367   367   2    |
| 38    2      37    | 6     78    4    | 9     1     5    |
| 9     67     5     | 2     3     1    | 8     467   467  |
:--------------------+------------------+------------------:
| 2     13679  34679 | 3789  1789  5    | 167   4679  1467 |
| 16    1679   8     | 4     1279  27   | 5     2679  3    |
| 134   5      3479  | 379   6     237  | 127   8     147  |
:--------------------+------------------+------------------:
| 5     3689   269   | 1     279   2367 | 4     367   678  |
| 7     36     1     | 5     4     8    | 236   236   9    |
| 368   4      269   | 379   279   2367 | 1367  5     1678 |
'--------------------'------------------'------------------'

