090030070000200006500008200306009000070020060000600301005700004800004000010050090
:0000:x:+69+203+1070+1+3+8200+9065+4+7+9+682+1+33060+19000+47+1+82+3+56+9+20+9600301+9057+80+1+3480+3+1+94000+71+4+350090:847 849::
.----------.------------.--------------.
| 6  9   2 | 45  3   1  | 48  7    58  |
| 1  3   8 | 2   47  57 | 9   45   6   |
| 5  4   7 | 9   6   8  | 2   1    3   |
:----------+------------+--------------:
| 3  58  6 | 45  1   9  | 47  248  27  |
| 4  7   1 | 8   2   3  | 5   6    9   |
| 2  58  9 | 6   47  57 | 3   48   1   |
:----------+------------+--------------:
| 9  26  5 | 7   8   26 | 1   3    4   |
| 8  26  3 | 1   9   4  | 67  25   257 |
| 7  1   4 | 3   5   26 | 68  9    28  |
'----------'------------'--------------'

