000100400050080000000004030080300009003010060200000004002009040700600200600070001
:0000:x:000100400050080+10+200+1004030+1803+400+29003+210+86020000+8+3+14+5+12+8+390407006+5+12+8+36+3+8+47+2+9+51:911 712 912 613 915 616 716 619 719 921 723 923 726 632 932 635 737 539 739 743 752 962 963 764::
.-------------.--------------.------------.
| 38  26  79  | 1    26  35  | 4   79  58 |
| 34  5   46  | 79   8   36  | 1   79  2  |
| 89  27  1   | 579  29  4   | 56  3   68 |
:-------------+--------------+------------:
| 1   8   56  | 3    4   567 | 57  2   9  |
| 49  49  3   | 2    1   57  | 8   6   57 |
| 2   67  567 | 59   69  8   | 3   1   4  |
:-------------+--------------+------------:
| 5   1   2   | 8    3   9   | 67  4   67 |
| 7   49  49  | 6    5   1   | 2   8   3  |
| 6   3   8   | 4    7   2   | 9   5   1  |
'-------------'--------------'------------'

