100000700020400009005003010030007040009020000200100803400050006050700080002006000
:0000:x:1000007000204+100090050+7301003+1007040009+320000200100803400050006050700080002006000:912 613 814 914 216 518 219 419 834 934 239 844 944 647 465 274 876 976 985 486 986 895 995 398::
.------------------.---------------.-------------------.
| 1     468   348  | 256  689  589 | 7      236   58   |
| 3678  2     3678 | 4    1    58  | 356    356   9    |
| 689   4689  5    | 26   7    3   | 246    1     48   |
:------------------+---------------+-------------------:
| 568   3     1    | 56   689  7   | 259    4     25   |
| 5678  4678  9    | 3    2    458 | 156    567   157  |
| 2     467   467  | 1    69   459 | 8      5679  3    |
:------------------+---------------+-------------------:
| 4     1789  378  | 89   5    12  | 1239   2379  6    |
| 369   5     36   | 7    34   12  | 12349  8     124  |
| 3789  1789  2    | 89   34   6   | 13459  579   1457 |
'------------------'---------------'-------------------'

