003000000200590403690408000000300059050000000000107000000004108060000030801000090
:0000:x:003000+9002005904036904+3800000030005905000+90000001+57000000+904108060+8+1+503080100+3090:711 712 118 218 718 119 219 719 128 245 645 151 255 655 858 459 868 469::
.-------------------.---------------.---------------------.
| 145  148    3     | 267  267  126 | 9      68     56    |
| 2    178    78    | 5    9    16  | 4      678    3     |
| 6    9      57    | 4    3    8   | 257    127    1257  |
:-------------------+---------------+---------------------:
| 147  12478  24678 | 3    48   26  | 2678   5      9     |
| 347  5      24678 | 26   48   9   | 23678  12467  1267  |
| 349  2348   24689 | 1    5    7   | 2368   246    26    |
:-------------------+---------------+---------------------:
| 357  237    257   | 9    267  4   | 1      267    8     |
| 479  6      2479  | 8    1    5   | 27     3      247   |
| 8    247    1     | 267  267  3   | 2567   9      24567 |
'-------------------'---------------'---------------------'

