905200000630009520000000060008900035402030700000800000000001000000300206020060907
:0000:x:90520+60+70630009520+2000+5+306+900890+2035402+63+5700+3+5080000+20000+210000003+9020602+3060907:115 125 745 158 163 763 168 472 772 872 473 773 882 486 488::
.-----------------.--------------.------------------.
| 9     148   5   | 2    48   6  | 1348  7     1348 |
| 6     3     147 | 147  478  9  | 5     2     148  |
| 2     1478  147 | 147  5    3  | 148   6     9    |
:-----------------+--------------+------------------:
| 17    167   8   | 9    14   2  | 146   3     5    |
| 4     19    2   | 6    3    5  | 7     89    18   |
| 3     5     69  | 8    147  47 | 146   49    2    |
:-----------------+--------------+------------------:
| 578   69    69  | 457  2    1  | 348   458   348  |
| 1578  147   147 | 3    9    78 | 2     158   6    |
| 158   2     3   | 45   6    48 | 9     1458  7    |
'-----------------'--------------'------------------'

