016802000420003860000000002540208010001000900030501048300000000094300086000104350
:0000:x:+916802000420+903860+80+30000+925402080100+8100090+503050104830000+9000+1943000860+6010435+9:717 737 575 277 777 779::
.---------------.-----------------.---------------.
| 9    1   6    | 8    457    2   | 45   37   347 |
| 4    2   57   | 9    157    3   | 8    6    17  |
| 8    57  3    | 467  14567  567 | 145  9    2   |
:---------------+-----------------+---------------:
| 5    4   79   | 2    3679   8   | 67   1    37  |
| 267  8   1    | 467  3467   67  | 9    237  5   |
| 267  3   279  | 5    679    1   | 267  4    8   |
:---------------+-----------------+---------------:
| 3    57  2578 | 67   2678   9   | 14   27   14  |
| 1    9   4    | 3    257    57  | 27   8    6   |
| 27   6   278  | 1    278    4   | 3    5    9   |
'---------------'-----------------'---------------'

