000070000020103070008000600040000050500090007030000010002000800060504020000010000
:0000:x:000070000020103070008000600040000050500090007030000010002000800060504020000010000:::
.----------------------.----------------------.-----------------------.
| 13469   159   134569 | 24689   7      25689 | 123459  3489  1234589 |
| 469     2     4569   | 1       4568   3     | 459     7     4589    |
| 13479   1579  8      | 249     245    259   | 6       349   123459  |
:----------------------+----------------------+-----------------------:
| 126789  4     1679   | 23678   2368   12678 | 239     5     23689   |
| 5       18    16     | 23468   9      1268  | 234     3468  7       |
| 26789   3     679    | 24678   24568  25678 | 249     1     24689   |
:----------------------+----------------------+-----------------------:
| 13479   1579  2      | 3679    36     679   | 8       3469  134569  |
| 13789   6     1379   | 5       38     4     | 1379    2     139     |
| 34789   5789  34579  | 236789  1      26789 | 34579   3469  34569   |
'----------------------'----------------------'-----------------------'

