001070000900600007470105000590000040100050006030000072000904025800002009000010600
:0000:x:00107+90009006+4000747010500059000+604+1100050006+6300+9+1+57200090402580000200900+9010600:212 812 318 818 827 773 783::
.-----------------.-----------------.-----------------.
| 23   56    1    | 238    7    9   | 2348  56    348 |
| 9    258   2358 | 6      4    38  | 123   1358  7   |
| 4    7     2368 | 1      238  5   | 2389  3689  38  |
:-----------------+-----------------+-----------------:
| 5    9     278  | 2378   238  6   | 38    4     1   |
| 1    248   2478 | 23478  5    378 | 389   389   6   |
| 6    3     48   | 48     9    1   | 5     7     2   |
:-----------------+-----------------+-----------------:
| 37   16    36   | 9      368  4   | 1378  2     5   |
| 8    1456  3456 | 357    36   2   | 1347  13    9   |
| 237  245   9    | 3578   1    378 | 6     38    348 |
'-----------------'-----------------'-----------------'

