920080507300907006000000800004000000600700305250000000000019060500200000809600002
:0000:x:92008050730090700600000080000400000060070030525+30000000+3+2+51906+850020+80008096000+52:122 435 138 146 747 748 968 782 385 787::
.-----------------.--------------------.--------------------.
| 9    2     16   | 134  8      1346   | 5      134    7    |
| 3    48    158  | 9    245    7      | 124    124    6    |
| 147  1467  1567 | 134  2356   123456 | 8      2349   1349 |
:-----------------+--------------------+--------------------:
| 17   1789  4    | 138  23569  2356   | 1269   1289   19   |
| 6    189   18   | 7    249    124    | 3      12489  5    |
| 2    5     3    | 148  469    146    | 14679  1478   149  |
:-----------------+--------------------+--------------------:
| 47   3     2    | 5    1      9      | 47     6      8    |
| 5    146   167  | 2    47     8      | 149    13479  1349 |
| 8    147   9    | 6    347    34     | 147    5      2    |
'-----------------'--------------------'--------------------'

