900008600008100500020003080500200030000000000010004009070400050001005400003600007
:0000:x:900008600008100500+12000308+45002000300000000+4+5010004009070400+350001005400+4+53600007:735 845 952 855 865 884 984 285 885 985::
.-------------------.-------------------.-----------------.
| 9      34    457  | 57    2457   8    | 6     127  123  |
| 367    346   8    | 1     24679  2679 | 5     279  23   |
| 1      2     567  | 579   569    3    | 79    8    4    |
:-------------------+-------------------+-----------------:
| 5      4689  4679 | 2     1679   1679 | 178   3    168  |
| 23678  368   2679 | 3789  13679  1679 | 1278  4    5    |
| 23678  1     267  | 3578  3567   4    | 278   267  9    |
:-------------------+-------------------+-----------------:
| 268    7     269  | 4     1289   129  | 3     5    1268 |
| 268    689   1    | 37    37     5    | 4     269  268  |
| 4      5     3    | 6     1289   129  | 1289  129  7    |
'-------------------'-------------------'-----------------'

