000002501860000000002001068009000070040050000000400000400760200050010080010000000
:0000:x:00+4+6+8250186+1+5000+4+2+5020+41+768009000+47+504005000000+540000040076+52+100500100800100000+50:241 251 357 657 957 261 367 667 967 389 689 989 893 399 699 999::
.-------------------.--------------------.---------------.
| 379    379   4    | 6      8     2     | 5    39   1   |
| 8      6     1    | 5      379   379   | 39   4    2   |
| 5      39    2    | 39     4     1     | 7    6    8   |
:-------------------+--------------------+---------------:
| 136    238   9    | 1238   23    368   | 4    7    5   |
| 1367   4     3678 | 12389  5     36789 | 18   239  369 |
| 1367   2378  5    | 4      2379  36789 | 18   239  369 |
:-------------------+--------------------+---------------:
| 4      389   38   | 7      6     5     | 2    1    39  |
| 23679  5     367  | 239    1     349   | 369  8    47  |
| 23679  1     367  | 2389   239   3489  | 369  5    47  |
'-------------------'--------------------'---------------'

