860900000000000000001478000708000006542003010000000030083065070004002000000004603
:0000:x:86090+1+300+40+9+30+6000+3014780+607+380+1+9006542+6+83010+1+9+60+4+7030+983+165070+6040+320+90+2+100+94603:::
.------------.-----------.-------------------.
| 8  6    57 | 9   25  1 | 3      245  2457  |
| 4  257  9  | 3   25  6 | 12578  258  12578 |
| 3  25   1  | 4   7   8 | 259    6    259   |
:------------+-----------+-------------------:
| 7  3    8  | 25  1   9 | 245    245  6     |
| 5  4    2  | 6   8   3 | 79     1    79    |
| 1  9    6  | 25  4   7 | 258    3    258   |
:------------+-----------+-------------------:
| 9  8    3  | 1   6   5 | 24     7    24    |
| 6  57   4  | 78  3   2 | 158    9    158   |
| 2  1    57 | 78  9   4 | 6      58   3     |
'------------'-----------'-------------------'

