000000000000013048000028063000000000015032007086074035000000000028001054031045072
:0000:x:+80+3000000000013048+100028063+300000000015032007086074035000+20+7+300+728+301054031045072:227::
.-------------------.-----------------.-------------------.
| 8     45679  3    | 45679  569   69 | 12579   129   19  |
| 2569  5679   279  | 5679   1     3  | 579     4     8   |
| 1     4579   479  | 4579   2     8  | 579     6     3   |
:-------------------+-----------------+-------------------:
| 3     479    2479 | 15689  5689  69 | 124689  1289  169 |
| 49    1      5    | 689    3     2  | 4689    89    7   |
| 29    8      6    | 19     7     4  | 129     3     5   |
:-------------------+-----------------+-------------------:
| 4569  4569   49   | 2      689   7  | 3       189   169 |
| 7     2      8    | 3      69    1  | 69      5     4   |
| 69    3      1    | 689    4     5  | 689     7     2   |
'-------------------'-----------------'-------------------'

