090760000003000000045002060004075308006201700207490500060500270000000800000047030
:0000:x:0907600+50+6030+500+80045002+960+9+14+6753+280062017002074905+1+60605002700000+2+680+5000047+630:119 419 129 429 139 171 871 876 181 994::
.----------------.---------------.-------------.
| 18   9    128  | 7    6    348 | 14  5   23  |
| 6    27   3    | 19   5    49  | 14  8   27  |
| 178  4    5    | 138  138  2   | 9   6   37  |
:----------------+---------------+-------------:
| 9    1    4    | 6    7    5   | 3   2   8   |
| 358  358  6    | 2    38   1   | 7   49  49  |
| 2    38   7    | 4    9    38  | 5   1   6   |
:----------------+---------------+-------------:
| 34   6    189  | 5    138  39  | 2   7   149 |
| 347  37   19   | 139  2    6   | 8   49  5   |
| 158  258  1289 | 18   4    7   | 6   3   19  |
'----------------'---------------'-------------'

