320000806071020000060049000500000030000506000030000007000170050000090670207000018
:0000:x:320+7+5+1806071+62+8+30+5+86+5+349+7+2+150+600+7030+7005+360+8003000+4+5+67+60017+2+45+300+3+89+567+22+57+4+6+3+918:::
.---------------.-----------.------------.
| 3   2     49  | 7   5   1 | 8   49  6  |
| 49  7     1   | 6   2   8 | 3   49  5  |
| 8   6     5   | 3   4   9 | 7   2   1  |
:---------------+-----------+------------:
| 5   1489  6   | 29  18  7 | 12  3   49 |
| 7   149   249 | 5   3   6 | 12  8   49 |
| 19  3     289 | 29  18  4 | 5   6   7  |
:---------------+-----------+------------:
| 6   89    89  | 1   7   2 | 4   5   3  |
| 14  14    3   | 8   9   5 | 6   7   2  |
| 2   5     7   | 4   6   3 | 9   1   8  |
'---------------'-----------'------------'

