040020800000300050000546000950061004400000009600490082000682000070005000005030020
:0000:x:+540+12+980+700+93+7+8+450+700546+2+909500610044000+50009600490+582+30+468200+5070+9+150+40005+73+4020:343 743 152 153 357 757 358 758 883 892 697 199::
.---------------.-----------.--------------.
| 5   4    36   | 1   2  9  | 8    36  7   |
| 12  126  9    | 3   7  8  | 4    5   16  |
| 7   138  138  | 5   4  6  | 2    9   13  |
:---------------+-----------+--------------:
| 9   5    28   | 28  6  1  | 37   37  4   |
| 4   238  2378 | 28  5  37 | 16   16  9   |
| 6   13   137  | 4   9  37 | 5    8   2   |
:---------------+-----------+--------------:
| 3   19   4    | 6   8  2  | 179  17  5   |
| 28  7    26   | 9   1  5  | 36   4   368 |
| 18  169  5    | 7   3  4  | 19   2   68  |
'---------------'-----------'--------------'

