570030000290070010008209000000100078400000009980005000000902700010060084000010096
:0000:x:570+83+1+90+229+3070+81+5+1082+5900+70001+9007840000000998000500+300090270+101+9+560+284000010096:346 252 352 253 553 653 656 263 663 793 496::
.----------------.--------------.-------------.
| 5    7     46  | 8    3   1   | 9    46   2 |
| 2    9     3   | 46   7   46  | 8    1    5 |
| 1    46    8   | 2    5   9   | 346  346  7 |
:----------------+--------------+-------------:
| 36   2356  256 | 1    9   46  | 456  7    8 |
| 4    56    17  | 367  28  378 | 156  256  9 |
| 9    8     17  | 467  24  5   | 146  246  3 |
:----------------+--------------+-------------:
| 368  3456  456 | 9    48  2   | 7    35   1 |
| 37   1     9   | 5    6   37  | 2    8    4 |
| 378  2345  245 | 347  1   378 | 35   9    6 |
'----------------'--------------'-------------'

