700005600000003029000800007501000000020490000807000004004560000000002040002000970
:0000:x:70+9+2+45600+400+6+73029+2008+1+9+4075+41+7+2+60+9002049+8+7008+97+3+5+1+2+64+90456+700+2+1+70+902040002+10+4970:358 359 392 892::
.---------------.----------.----------------.
| 7   138  9    | 2  4   5 | 6    138  138  |
| 4   158  58   | 6  7   3 | 158  2    9    |
| 2   356  356  | 8  1   9 | 4    35   7    |
:---------------+----------+----------------:
| 5   4    1    | 7  2   6 | 38   9    38   |
| 36  2    36   | 4  9   8 | 7    15   15   |
| 8   9    7    | 3  5   1 | 2    6    4    |
:---------------+----------+----------------:
| 9   38   4    | 5  6   7 | 138  138  2    |
| 1   7    3568 | 9  38  2 | 358  4    3568 |
| 36  56   2    | 1  38  4 | 9    7    3568 |
'---------------'----------'----------------'

