007036800003008070804017203002871350085360007371000008006743080739180000048609731
:0000:x:007036800003008070804017203002871350085360007371000008006743080739180000048609731:649 464 967 968 288::
.-----------------.----------------.-------------------.
| 1259   1259   7 | 2459  3    6   | 8      149   459  |
| 12569  12569  3 | 2459  259  8   | 14569  7     4569 |
| 8      569    4 | 59    1    7   | 2      69    3    |
:-----------------+----------------+-------------------:
| 469    69     2 | 8     7    1   | 3      5     49   |
| 49     8      5 | 3     6    24  | 149    1249  7    |
| 3      7      1 | 259   259  245 | 46     246   8    |
:-----------------+----------------+-------------------:
| 125    125    6 | 7     4    3   | 59     8     259  |
| 7      3      9 | 1     8    25  | 456    46    2456 |
| 25     4      8 | 6     25   9   | 7      3     1    |
'-----------------'----------------'-------------------'

