910403508000000097000800040030040006600000009400010050040009000120000000309108024
:0000:x:9104035+680+8+400+1+3970+6+38+90040030+9400066000+80+4094+9001+605004000900012000+4+900309108024:231 236 541 743 848 753 254 756 264 571 374 877 384::
.---------------.------------------.-----------------.
| 9    1   27   | 4     27     3   | 5     6     8   |
| 25   8   4    | 256   256    1   | 3     9     7   |
| 57   6   3    | 8     9      57  | 12    4     12  |
:---------------+------------------+-----------------:
| 278  3   1258 | 9     4      257 | 1278  17    6   |
| 6    57  125  | 357   8      25  | 4     137   9   |
| 4    9   278  | 37    1      6   | 278   5     23  |
:---------------+------------------+-----------------:
| 78   4   5678 | 2567  23567  9   | 167   1378  135 |
| 1    2   5678 | 567   3567   4   | 9     378   35  |
| 3    57  9    | 1     567    8   | 67    2     4   |
'---------------'------------------'-----------------'

