000079300190030000008026009401050006059000007000000150205300600000200005040005080
:0000:x:000079300190030000008026009401050006059000007000000150205300600000200005040005080:944 154 194::
.--------------------.---------------------.--------------------.
| 56     26     246  | 1458   7      9     | 3      1246   1248 |
| 1      9      2467 | 458    3      48    | 24578  2467   248  |
| 357    37     8    | 145    2      6     | 457    147    9    |
:--------------------+---------------------+--------------------:
| 4      2378   1    | 78     5      2378  | 289    239    6    |
| 368    5      9    | 468    1468   12348 | 248    234    7    |
| 3678   23678  2367 | 46789  4689   23478 | 1      5      2348 |
:--------------------+---------------------+--------------------:
| 2      178    5    | 3      1489   1478  | 6      1479   14   |
| 36789  13678  367  | 2      14689  1478  | 479    13479  5    |
| 3679   4      367  | 679    169    5     | 279    8      123  |
'--------------------'---------------------'--------------------'

