000000090000005087000940301050600800040020030002001070905078000670500000080000000
:0000:x:0000+8009000000508700094030105060+48000400200300020+5107090507800067050000+8080000+700:311 321 323 423 231 343 751 753 957 362 374 477 479 986 487 391 395 296 198 298 698 299 499 699::
.---------------------.-----------------.------------------.
| 12457  1236   13467 | 1237  8    2367 | 2456  9     2456 |
| 124    12369  169   | 123   136  5    | 246   8     7    |
| 578    26     678   | 9     4    267  | 3     256   1    |
:---------------------+-----------------+------------------:
| 137    5      179   | 6     39   4    | 8     12    29   |
| 18     4      1689  | 78    2    79   | 156   3     569  |
| 38     69     2     | 38    5    1    | 469   7     469  |
:---------------------+-----------------+------------------:
| 9      123    5     | 124   7    8    | 126   1246  236  |
| 6      7      134   | 5     139  23   | 129   124   8    |
| 124    8      134   | 1234  169  369  | 7     45    359  |
'---------------------'-----------------'------------------'

