000007100002800900000520060009000020600932001080000400030054000004009700006700000
:0000:x:0000+9710+20028009000005200600090000206+40932001+280+100400+730054000004009700006700000:625 131 331 831 333 339 847 849 763 568 369 569 877 679 581 182 885 888 389 191 891 192 397 897 598 898 998 599 899 999::
.-----------------.----------------.-----------------.
| 3458  56    358 | 346  9     7   | 1    3458  2    |
| 1345  1567  2   | 8    14    136 | 9    3457  3457 |
| 49    179   178 | 5    2     13  | 38   6     478  |
:-----------------+----------------+-----------------:
| 135   157   9   | 46   4678  568 | 356  2     3567 |
| 6     4     57  | 9    3     2   | 58   578   1    |
| 2     8     35  | 1    67    56  | 4    379   679  |
:-----------------+----------------+-----------------:
| 7     3     18  | 26   5     4   | 26   189   89   |
| 18    25    4   | 236  16    9   | 7    135   568  |
| 59    259   6   | 7    18    138 | 25   134   34   |
'-----------------'----------------'-----------------'

