080045000000000005050690300000004600900020080035000007020913050070000430000000002
:0000:x:0800450000000000050506903000+1000460090002+1+580035+8+6+9007020913+750070000430000+40+7002:713 117 118 919 622 323 723 825 127 128 228 428 928 431 433 733 138 741 344 453 886 189 689 191 891 193 993 998::
.-------------------.---------------.----------------.
| 12367   8   12369 | 1237  4    5  | 29   2679  16  |
| 123467  49  12469 | 1237  37   28 | 289  67    5   |
| 127     5   12    | 6     9    28 | 3    247   148 |
:-------------------+---------------+----------------:
| 28      1   278   | 57    357  4  | 6    29    39  |
| 9       46  67    | 37    2    1  | 5    8     34  |
| 24      3   5     | 8     6    9  | 12   124   7   |
:-------------------+---------------+----------------:
| 468     2   468   | 9     1    3  | 7    5     68  |
| 1568    7   1689  | 25    58   26 | 4    3     89  |
| 356     69  368   | 4     58   7  | 189  16    2   |
'-------------------'---------------'----------------'

