003200008500008400090050020800070004002000001050800200100300070000040003005000100
:0000:x:0032000085+2000840009+8+15+402080007+2004002+40+50010508+102001003+2007+5+200+54+10030050+801+4+2:357 791 792::
.-------------------.---------------.-----------------.
| 467    1467  3    | 2    69   679 | 5679  1569  8   |
| 5      2     167  | 679  369  8   | 4     1369  679 |
| 67     9     8    | 1    5    4   | 367   2     67  |
:-------------------+---------------+-----------------:
| 8      136   169  | 69   7    2   | 3569  3569  4   |
| 3679   367   2    | 4    369  5   | 6789  3689  1   |
| 34679  5     4679 | 8    1    369 | 2     369   679 |
:-------------------+---------------+-----------------:
| 1      468   469  | 3    2    69  | 689   7     5   |
| 2      678   679  | 5    4    1   | 689   689   3   |
| 369    36    5    | 679  8    679 | 1     4     2   |
'-------------------'---------------'-----------------'

