003200008500008400090050020800070004002000001050800200100300070000040003005000100
:0000:x:0032000085+2000840009+805002080007+20040020000010508+102001003+2007+5+2000400030050+801+4+2:116 124 357 684 784 984 686 786 986 791 792::
.-------------------.------------------.-------------------.
| 467    1467  3    | 2     69   4679  | 5679   1569   8   |
| 5      2     167  | 679   369  8     | 4      1369   679 |
| 467    9     8    | 1467  5    13467 | 367    2      67  |
:-------------------+------------------+-------------------:
| 8      136   169  | 569   7    2     | 3569   3569   4   |
| 34679  3467  2    | 4569  369  34569 | 56789  35689  1   |
| 34679  5     4679 | 8     1    3469  | 2      369    679 |
:-------------------+------------------+-------------------:
| 1      468   469  | 3     2    69    | 689    7      5   |
| 2      678   679  | 15    4    15    | 689    689    3   |
| 369    36    5    | 679   8    679   | 1      4      2   |
'-------------------'------------------'-------------------'

