700200800090000030005004006400900500020007010006080000001050007300600020080000400
:0000:x:700200800090000030005004+206400900500+5200070100060800+400010500073+50600020080000400:112 312 919 121 823 134 135 743 353 957 359 364 367 671 376 876 977 978 983 185 985 986 998 999::
.---------------.--------------------.--------------.
| 7    46   34  | 2     1369   13569 | 8   59   145 |
| 268  9    24  | 1578  167    1568  | 17  3    145 |
| 18   13   5   | 378   379    4     | 2   79   6   |
:---------------+--------------------+--------------:
| 4    137  38  | 9     1236   1236  | 5   678  238 |
| 5    2    89  | 34    346    7     | 36  1    89  |
| 19   137  6   | 15    8      1235  | 79  4    239 |
:---------------+--------------------+--------------:
| 29   46   1   | 348   5      29    | 36  68   7   |
| 3    5    47  | 6     47     18    | 19  2    189 |
| 269  8    279 | 137   12379  1239  | 4   56   135 |
'---------------'--------------------'--------------'

