000080010002900004800007300000006100680300009017000080000020006300005000060400700
:0000:x:00+6080+910002900+80480000730+200+3+806100680300009017000+68+30000200+363000050000604+30700:534 248 256 261 785 599::
.--------------------.----------------.---------------.
| 457    3457  6     | 25   8     234 | 9    1     57 |
| 157    357   2     | 9    156   13  | 8    567   4  |
| 8      459   1459  | 16   1456  7   | 3    56    2  |
:--------------------+----------------+---------------:
| 2459   2459  3     | 8    4579  6   | 1    457   57 |
| 6      8     45    | 3    1457  14  | 245  2457  9  |
| 459    1     7     | 25   459   249 | 6    8     3  |
:--------------------+----------------+---------------:
| 14579  4579  14589 | 17   2     189 | 45   3     6  |
| 3      2479  1489  | 167  169   5   | 24   249   18 |
| 1259   6     1589  | 4    3     189 | 7    259   18 |
'--------------------'----------------'---------------'

