000000400008003000300814005070026003206908704800470020900742006000300100003000000
:0000:x:+10000+74+3+8008003000300814005070+126+8032069+387048+3047+5+620900742+3+86+6+803+5+9100003+6+8+1+500:212 512 913 522 622 922 928 229 929 232 933 938 798::
.--------------.-----------.--------------.
| 1    69  25  | 25  69  7 | 4   3    8   |
| 457  24  8   | 25  69  3 | 29  167  17  |
| 3    69  27  | 8   1   4 | 29  67   5   |
:--------------+-----------+--------------:
| 45   7   459 | 1   2   6 | 8   59   3   |
| 2    15  6   | 9   3   8 | 7   15   4   |
| 8    3   19  | 4   7   5 | 6   2    19  |
:--------------+-----------+--------------:
| 9    15  15  | 7   4   2 | 3   8    6   |
| 6    8   247 | 3   5   9 | 1   47   27  |
| 47   24  3   | 6   8   1 | 5   49   279 |
'--------------'-----------'--------------'

