042100000900047000086200000003009780000000000061800300000001870000750003000003650
:0000:x:+74210+800090+504700+80862+9+500+70030+1978+6+80000+60000618+70300000001870+60+87500030000+83650:918 328 541 252 552 453 454 957 958 959 261 468 469 271 471 272 972 979 287 491 992 993::
.-------------.-------------.------------------.
| 7   4    2  | 1    36  8  | 59    36    59   |
| 9   13   5  | 36   4   7  | 12    126   8    |
| 13  8    6  | 2    9   5  | 14    134   7    |
:-------------+-------------+------------------:
| 24  25   3  | 45   1   9  | 7     8     6    |
| 8   79   79 | 35   23  6  | 1245  124   1245 |
| 45  6    1  | 8    7   24 | 3     29    259  |
:-------------+-------------+------------------:
| 35  35   49 | 469  26  1  | 8     7     24   |
| 6   129  8  | 7    5   24 | 149   1249  3    |
| 12  127  47 | 49   8   3  | 6     5     1249 |
'-------------'-------------'------------------'

