000000490000000005006790080300920014002050300750081002020074800800000000095000000
:0000:x:00000049000+90+400050067900803+6+892+7+514+9+12+45+63+7+875+4+381+9+6202+30748+5+9800+50+9000095000000:111 712 114 614 315 216 816 119 319 224 824 326 127 227 131 236 787 789 191 194 694 396 297 298 699::
.--------------.-------------.---------------.
| 25   38   17 | 28  16   35 | 4    9    67  |
| 12   378  9  | 16  4    28 | 67   23   5   |
| 245  34   6  | 7   9    35 | 12   8    13  |
:--------------+-------------+---------------:
| 3    6    8  | 9   2    7  | 5    1    4   |
| 9    1    2  | 4   5    6  | 3    7    8   |
| 7    5    4  | 3   8    1  | 9    6    2   |
:--------------+-------------+---------------:
| 16   2    3  | 16  7    4  | 8    5    9   |
| 8    47   17 | 5   136  9  | 126  234  136 |
| 46   9    5  | 28  136  28 | 167  34   137 |
'--------------'-------------'---------------'

