000500002100083600090000800060300500500000008007002040003000010008720009700009000
:0000:x:0+805000021+7008360009000080006030+8500500000008+8070+52040+903+8000100087200097000+390+80:411 317 917 431 243 443 948 453 257 358 758 958 679 686 493 593 694::
.-----------------.-------------------.------------------.
| 36   8     46   | 5     14679  1467 | 147   379  2     |
| 1    7     245  | 249   8      3    | 6     59   45    |
| 236  9     2456 | 1246  1467   1467 | 8     357  13457 |
:-----------------+-------------------+------------------:
| 24   6     19   | 3     1479   8    | 5     27   17    |
| 5    1234  129  | 1469  14679  1467 | 1379  26   8     |
| 8    13    7    | 169   5      2    | 139   4    136   |
:-----------------+-------------------+------------------:
| 9    245   3    | 8     46     456  | 247   1    457   |
| 46   145   8    | 7     2      145  | 34    356  9     |
| 7    1245  126  | 14    3      9    | 24    8    456   |
'-----------------'-------------------'------------------'

