000100200600030008090207060900000100010050030007000004060502070200070005003004000
:0000:x:000100200600030008090207060900000100010050030007000004060502070200070005003004000:387 191 891 892::
.---------------------.---------------------.------------------.
| 34578  34578  458   | 1      4689   5689  | 2     459   379  |
| 6      2457   1245  | 49     3      59    | 4579  1459  8    |
| 13458  9      1458  | 2      48     7     | 345   6     13   |
:---------------------+---------------------+------------------:
| 9      23458  24568 | 34678  2468   368   | 1     258   267  |
| 48     1      2468  | 46789  5      689   | 6789  3     2679 |
| 358    2358   7     | 3689   12689  13689 | 5689  2589  4    |
:---------------------+---------------------+------------------:
| 148    6      1489  | 5      189    2     | 3489  7     139  |
| 2      48     1489  | 3689   7      13689 | 4689  1489  5    |
| 57     57     3     | 689    1689   4     | 689   1289  1269 |
'---------------------'---------------------'------------------'

