000020309000000100000906005802490006059060480100058203400305000001000000506040000
:0000:x:+60+5020309+900+5001+60000906+8058024900060590604801+6+4+7582+934+90305+600001+60000+4506040000:322 725 326 331 332 786 288 788 298 299::
.----------------.----------------.----------------.
| 6    1478  5   | 18   2    147  | 3    47   9    |
| 9    2478  378 | 5    38   47   | 1    6    27   |
| 27   1247  37  | 9    137  6    | 8    247  5    |
:----------------+----------------+----------------:
| 8    37    2   | 4    9    13   | 57   157  6    |
| 37   5     9   | 12   6    123  | 4    8    17   |
| 1    6     4   | 7    5    8    | 2    9    3    |
:----------------+----------------+----------------:
| 4    9     78  | 3    178  5    | 6    127  1278 |
| 237  2378  1   | 6    78   29   | 579  35   4    |
| 5    2378  6   | 128  4    1279 | 79   137  178  |
'----------------'----------------'----------------'

