008200000060004010005070090080093005000000000200610030040080700020300040000001300
:0000:x:00820000006+2004010+4+35+170090080093005000000000200610030040080700020300040000001300:555 257 258 259 595 695::
.----------------------.-----------------.---------------------.
| 179     179   8      | 2     356  569  | 456    567   3467   |
| 79      6     2      | 589   35   4    | 58     1     378    |
| 4       3     5      | 1     7    68   | 268    9     268    |
:----------------------+-----------------+---------------------:
| 167     8     1467   | 47    9    3    | 1246   267   5      |
| 135679  1579  134679 | 4578  24   2578 | 14689  678   146789 |
| 2       579   479    | 6     1    578  | 489    3     4789   |
:----------------------+-----------------+---------------------:
| 13569   4     1369   | 59    8    2569 | 7      256   1269   |
| 156789  2     1679   | 3     56   5679 | 15689  4     1689   |
| 56789   579   679    | 4579  24   1    | 3      2568  2689   |
'----------------------'-----------------'---------------------'

