657000000030260040400010000006008000504306908000100500000020007040051020000000459
:0000:x:657000+2+9+103026004+540+201+5000006+5+48+3+7+25+243+769+180001+9+25+6+40+6+5020+107040051020+200+600459:834 971 874 376 984 393::
.----------------.------------.-------------.
| 6     5    7   | 48  38  34 | 2    9   1  |
| 189   3    189 | 2   6   79 | 78   4   5  |
| 4     89   2   | 79  1   5  | 678  38  36 |
:----------------+------------+-------------:
| 19    19   6   | 5   4   8  | 3    7   2  |
| 5     2    4   | 3   7   6  | 9    1   8  |
| 378   78   38  | 1   9   2  | 5    6   4  |
:----------------+------------+-------------:
| 38    6    5   | 49  2   49 | 1    38  7  |
| 3789  4    389 | 78  5   1  | 68   2   36 |
| 2     178  18  | 6   38  37 | 4    5   9  |
'----------------'------------'-------------'

