000300069780100000000000100003069501052000680608520900004000000000005094590007000
:0000:x:000300069780100000000000100+4+73+8695+21+95200068+36+1852+39+4+700400000000+7005094590007000:338::
.-----------------.--------------------.------------------.
| 12    24    15  | 3      4578   248  | 2478  6     9    |
| 7     8     569 | 1      459    246  | 234   35    25   |
| 23    2346  569 | 24679  45789  2468 | 1     57    258  |
:-----------------+--------------------+------------------:
| 4     7     3   | 8      6      9    | 5     2     1    |
| 9     5     2   | 47     147    14   | 6     8     3    |
| 6     1     8   | 5      2      3    | 9     4     7    |
:-----------------+--------------------+------------------:
| 1238  236   4   | 269    1389   1268 | 2378  1357  2568 |
| 1238  236   7   | 26     138    5    | 238   9     4    |
| 5     9     16  | 246    1348   7    | 238   13    268  |
'-----------------'--------------------'------------------'

