023759006870260590900000720000040970307096002000027000500470000000002000080005000
:0000:x:023759006870260590900000720000040970307096002000027000500470000000002000080005000:132 432 133 433 839 141 349 661 662 663 364 167 467 867 168 468 568 868 369 379 181 481 184 384 884 389 489 191 491 194 394 399::
.-------------------.-----------------.----------------------.
| 14   2      3     | 7     5    9    | 148    148     6     |
| 8    7      14    | 2     6    134  | 5      9       134   |
| 9    56     56    | 138   138  1348 | 7      2       134   |
:-------------------+-----------------+----------------------:
| 26   156    12568 | 1358  4    138  | 9      7       158   |
| 3    145    7     | 158   9    6    | 148    1458    2     |
| 14   1459   14589 | 158   2    7    | 36     36      1458  |
:-------------------+-----------------+----------------------:
| 5    1369   1269  | 4     7    138  | 12368  1368    189   |
| 67   13469  1469  | 69    138  2    | 13468  134568  15789 |
| 267  8      12469 | 69    13   5    | 12346  1346    1479  |
'-------------------'-----------------'----------------------'

