106900000003025040000000008009750000800000007000068500400000000060590700000002901
:0000:x:10690000+5003025040000000008+60975000080000+90070000685004+9000000006059070+4000002901:712 415 715 318 624 231 731 732 733 435 136 336 436 237 637 138 338 638 147 247 347 452 153 453 454 157 257 357 358 163 273 773 873 176 377 678 878 288 892 394 894 395 795::
.-----------------.-----------------.----------------.
| 1    248    6   | 9     38    347 | 23   27    5   |
| 79   78     3   | 18    2     5   | 16   4     69  |
| 59   245    245 | 1346  137   67  | 13   279   8   |
:-----------------+-----------------+----------------:
| 6    1234   9   | 7     5     134 | 48   1238  23  |
| 8    1235   25  | 123   134   9   | 46   126   7   |
| 237  12347  247 | 1234  6     8   | 5    1239  239 |
:-----------------+-----------------+----------------:
| 4    9      15  | 1368  1378  367 | 268  235   236 |
| 23   6      128 | 5     9     13  | 7    38    4   |
| 357  357    578 | 46    48    2   | 9    3568  1   |
'-----------------'-----------------'----------------'

