000085004300100070008709010000200300500070009009008000040903200060002001200410000
:0000:x:0000850043001000700087090100002+9+130+5500070+109009+508+700+84+19+632+5+7060+8+52+40120041+7000:618 222 653 658 898::
.------------------.-------------.----------------.
| 1679  1279  267  | 36  8    5  | 69    239  4   |
| 3     59    2456 | 1   24   46 | 5689  7    268 |
| 46    25    8    | 7   234  9  | 56    1    236 |
:------------------+-------------+----------------:
| 467   78    467  | 2   9    1  | 3     468  5   |
| 5     238   234  | 36  7    46 | 1     248  9   |
| 146   123   9    | 5   34   8  | 7     246  26  |
:------------------+-------------+----------------:
| 8     4     1    | 9   6    3  | 2     5    7   |
| 79    6     37   | 8   5    2  | 4     39   1   |
| 2     359   35   | 4   1    7  | 689   369  368 |
'------------------'-------------'----------------'

