000001830001070290000400000008000075096020410710000900000006000062090100043700000
:0000:x:000+9+5183000107029000+940+2+7+5+1008+10+907509602+7410710000900000+206000062+39010+7043700000:566 868 669 571 871 875 479 879 886 591 891 898 699 899::
.----------------.----------------.-------------.
| 246    27   47 | 9    5     1   | 8   3   46  |
| 34568  358  1  | 68   7     38  | 2   9   46  |
| 368    38   9  | 4    368   2   | 7   5   1   |
:----------------+----------------+-------------:
| 234    23   8  | 1    346   9   | 36  7   5   |
| 35     9    6  | 58   2     7   | 4   1   38  |
| 7      1    45 | 568  3468  348 | 9   26  238 |
:----------------+----------------+-------------:
| 19     578  57 | 2    14    6   | 35  48  39  |
| 58     6    2  | 3    9     45  | 1   48  7   |
| 19     4    3  | 7    18    58  | 56  26  29  |
'----------------'----------------'-------------'

