000305600060109000000268000415637298007491300936582417050723000600804023003906000
:0000:x:000305600060109000000268000415637298007491300936582417050723000600804023003906000:211 811 212 221 721 821 727 528 131 731 538 173 973 877 878 987 891 792 892::
.------------------.----------.------------------.
| 17   4789  12489 | 3  47  5 | 6     478   1249 |
| 35   6     248   | 1  47  9 | 58    3478  245  |
| 35   479   149   | 2  6   8 | 1579  347   1459 |
:------------------+----------+------------------:
| 4    1     5     | 6  3   7 | 2     9     8    |
| 28   28    7     | 4  9   1 | 3     56    56   |
| 9    3     6     | 5  8   2 | 4     1     7    |
:------------------+----------+------------------:
| 18   5     48    | 7  2   3 | 19    46    1469 |
| 6    79    19    | 8  15  4 | 157   2     3    |
| 127  24    3     | 9  15  6 | 1578  4578  145  |
'------------------'----------'------------------'

