019006300072000000006017005100300900000000008608400001060000000001020000903000450
:0000:x:019006300072000000006017005100300900000000008608400001060000000001020000903000450:321 551 254 571 174 176 378 581 388::
.------------------.----------------------.-------------------.
| 458   1      9   | 258    458     6     | 3     2478   247  |
| 458   7      2   | 589    34589   34589 | 168   14689  469  |
| 348   348    6   | 289    1       7     | 28    2489   5    |
:------------------+----------------------+-------------------:
| 1     245    457 | 3      5678    258   | 9     2467   2467 |
| 2347  23459  457 | 15679  5679    1259  | 2567  23467  8    |
| 6     2359   8   | 4      579     259   | 257   237    1    |
:------------------+----------------------+-------------------:
| 2478  6      457 | 5789   345789  34589 | 1278  12789  2379 |
| 478   458    1   | 56789  2       34589 | 678   6789   3679 |
| 9     28     3   | 1678   678     18    | 4     5      267  |
'------------------'----------------------'-------------------'

