.4.3....23....28......9..34...2....5..8..64...6.75..9.6....1.....2...1...9..2...3
:0000:x:.4.3....23....28......9..34...2....5..8..64...6.75..9.6....1.....2...1...9..2...3:::
.---------------------.----------------------.-------------------.
| 15789  4      15679 | 3      1678   578    | 5679  1567   2    |
| 3      157    15679 | 1456   1467   2      | 8     1567   1679 |
| 12578  12578  1567  | 1568   9      578    | 567   3      4    |
:---------------------+----------------------+-------------------:
| 1479   137    13479 | 2      1348   3489   | 367   1678   5    |
| 12579  12357  8     | 19     13     6      | 4     127    17   |
| 124    6      134   | 7      5      348    | 23    9      18   |
:---------------------+----------------------+-------------------:
| 6      3578   3457  | 4589   3478   1      | 2579  24578  789  |
| 4578   3578   2     | 45689  34678  345789 | 1     45678  6789 |
| 14578  9      1457  | 4568   2      4578   | 567   45678  3    |
'---------------------'----------------------'-------------------'

