900080007017000020008000300003000100000002000800076009000900006040050000705060004
:0000:x:900080007017000020008000300003000100000002000800076009000900006040050000705060004:::
.-------------------.---------------------.---------------------.
| 9     2356   246  | 123456  8     1345  | 456    1456    7    |
| 3456  1      7    | 3456    349   3459  | 45689  2       58   |
| 2456  256    8    | 124567  1249  14579 | 3      14569   15   |
:-------------------+---------------------+---------------------:
| 2456  25679  3    | 458     49    4589  | 1      45678   258  |
| 1456  5679   1469 | 13458   1349  2     | 45678  345678  358  |
| 8     25     124  | 1345    7     6     | 245    345     9    |
:-------------------+---------------------+---------------------:
| 123   238    12   | 9       1234  13478 | 2578   13578   6    |
| 1236  4      1269 | 12378   5     1378  | 2789   13789   1238 |
| 7     2389   5    | 1238    6     138   | 289    1389    4    |
'-------------------'---------------------'---------------------'

