000000003001005600090040070000009050700050008050402000080020090003500100600000000
:0000:x:000000003001005600090040070000009050700050008050402000080020090003500100600000000:::
.----------------------.----------------------.----------------------.
| 2458   2467   245678 | 126789  16789  1678  | 24589   1248   3     |
| 2348   2347   1      | 23789   3789   5     | 6       248    249   |
| 2358   9      2568   | 12368   4      1368  | 258     7      125   |
:----------------------+----------------------+----------------------:
| 12348  12346  2468   | 13678   13678  9     | 2347    5      12467 |
| 7      12346  2469   | 136     5      136   | 2349    12346  8     |
| 1389   5      689    | 4       13678  2     | 379     136    1679  |
:----------------------+----------------------+----------------------:
| 145    8      457    | 1367    2      13467 | 3457    9      4567  |
| 249    247    3      | 5       6789   4678  | 1       2468   2467  |
| 6      1247   24579  | 13789   13789  13478 | 234578  2348   2457  |
'----------------------'----------------------'----------------------'

