005007008010020400900800000006005304030040020000000100008006000020030001700900000
:0000:x:005007008+810020400900800000006005304030040020000000100008006000020030001700900000:471 571 493::
.-------------------.-------------------.----------------------.
| 2346  46     5    | 1346   169   7    | 269    1369    8     |
| 8     1      37   | 356    2     39   | 4      35679   35679 |
| 9     467    2347 | 8      156   134  | 2567   13567   23567 |
:-------------------+-------------------+----------------------:
| 12    789    6    | 127    1789  5    | 3      789     4     |
| 15    3      179  | 167    4     189  | 56789  2       5679  |
| 245   45789  2479 | 2367   6789  2389 | 1      56789   5679  |
:-------------------+-------------------+----------------------:
| 13    459    8    | 12457  157   6    | 2579   34579   23579 |
| 456   2      49   | 457    3     48   | 56789  456789  1     |
| 7     456    13   | 9      158   1248 | 2568   34568   2356  |
'-------------------'-------------------'----------------------'

