005067089090050700000000005100009000700030020008500600000010040320048007006700800
:0000:x:0050670890900507000000000051000090007000300200+38500600000010040320048007006700800:132 432 632 442 452 572 577 592 598::
.-----------------.-------------------.-------------------.
| 24    14  5     | 1234    6    7    | 1234  8     9     |
| 2468  9   1234  | 12348   5    1234 | 7     136   12346 |
| 2468  78  12347 | 123489  289  1234 | 1234  136   5     |
:-----------------+-------------------+-------------------:
| 1     56  24    | 2468    278  9    | 345   357   348   |
| 7     56  49    | 1468    3    146  | 1459  2     148   |
| 249   3   8     | 5       27   124  | 6     179   14    |
:-----------------+-------------------+-------------------:
| 589   78  79    | 2369    1    2356 | 239   4     236   |
| 3     2   19    | 69      4    8    | 159   1569  7     |
| 459   14  6     | 7       29   235  | 8     139   123   |
'-----------------'-------------------'-------------------'

