006400000100003907050000000000000300200001089000059000040000008300002000012600070
:0000:x:006400000100003907050000000000000300200001089000059000040000008300002000012600070:::
.-----------------------.---------------------.----------------------.
| 789     23789  6      | 4      12789   578  | 1258   1235    1235  |
| 1       28     48     | 258    268     3    | 9      2456    7     |
| 4789    5      34789  | 12789  126789  678  | 12468  12346   12346 |
:-----------------------+---------------------+----------------------:
| 456789  6789   145789 | 278    24678   4678 | 3      12456   12456 |
| 2       367    3457   | 37     3467    1    | 4567   8       9     |
| 4678    3678   13478  | 2378   5       9    | 12467  1246    1246  |
:-----------------------+---------------------+----------------------:
| 5679    4      579    | 13579  1379    57   | 1256   123569  8     |
| 3       6789   5789   | 15789  14789   2    | 1456   14569   1456  |
| 589     1      2      | 6      3489    458  | 45     7       345   |
'-----------------------'---------------------'----------------------'

