980700000600000700007050090040000000009800500000032010006500900000040003000001020
:0000:x:98070000060000070000705009004000+5000009800500000032010006500900000040003000001020:::
.----------------------.-------------------.---------------------.
| 9       8      12345 | 7      126   346  | 12346   3456  12456 |
| 6       1235   12345 | 12349  1289  3489 | 7       3458  12458 |
| 1234    123    7     | 12346  5     3468 | 123468  9     12468 |
:----------------------+-------------------+---------------------:
| 12378   4      1238  | 169    1679  5    | 2368    3678  26789 |
| 1237    12367  9     | 8      167   467  | 5       3467  2467  |
| 578     567    58    | 469    3     2    | 468     1     46789 |
:----------------------+-------------------+---------------------:
| 123478  1237   6     | 5      278   378  | 9       478   1478  |
| 12578   12579  1258  | 269    4     6789 | 168     5678  3     |
| 34578   3579   3458  | 369    6789  1    | 468     2     45678 |
'----------------------'-------------------'---------------------'

