980700000007065000000000700800040030020000004005600900300001002008900500000000010
:0000:x:980700000007065000000000700800040030020000004005600900300001002008900500000000010:538 938 539 939::
.---------------------.-----------------------.---------------------.
| 9      8      12346 | 7      123     234    | 12346  2456   1356  |
| 124    134    7     | 12348  6       5      | 12348  2489   1389  |
| 12456  13456  12346 | 12348  12389   23489  | 7      2468   1368  |
:---------------------+-----------------------+---------------------:
| 8      1679   169   | 125    4       279    | 126    3      1567  |
| 167    2      1369  | 1358   135789  3789   | 168    5678   4     |
| 147    1347   5     | 6      12378   2378   | 9      278    178   |
:---------------------+-----------------------+---------------------:
| 3      45679  469   | 458    578     1      | 468    46789  2     |
| 12467  1467   8     | 9      237     23467  | 5      467    367   |
| 24567  45679  2469  | 23458  23578   234678 | 3468   1      36789 |
'---------------------'-----------------------'---------------------'

