980700000006050400000009000300080020040600800008005006010002000003060200000000017
:0000:x:98070+60000060504000000090003+60080020040600800008005006010002000003060200000000017:::
.--------------------.---------------------.----------------------.
| 9      8     1245  | 7      1234    6    | 135    35      1235  |
| 127    237   6     | 1238   5       138  | 4      3789    12389 |
| 12457  2357  12457 | 12348  1234    9    | 13567  35678   12358 |
:--------------------+---------------------+----------------------:
| 3      6     1579  | 149    8       147  | 1579   2       1459  |
| 1257   4     12579 | 6      12379   137  | 8      3579    1359  |
| 127    279   8     | 12349  123479  5    | 1379   3479    6     |
:--------------------+---------------------+----------------------:
| 45678  1     4579  | 34589  3479    2    | 3569   345689  34589 |
| 4578   579   3     | 14589  6       1478 | 2      4589    4589  |
| 24568  259   2459  | 34589  349     348  | 3569   1       7     |
'--------------------'---------------------'----------------------'

