980760000500004900003000000400005200007300000000080060100000049005000100000001002
:0000:x:980760000500004900003000000400005200007300000000080060100000049005000100000001002:537 538 539::
.---------------------.----------------------.---------------------.
| 9      8       124  | 7      6      23     | 345    1235   1345  |
| 5      1267    126  | 128    123    4      | 9      12378  13678 |
| 267    12467   3    | 12589  1259   289    | 4678   1278   14678 |
:---------------------+----------------------+---------------------:
| 4      1369    1689 | 169    179    5      | 2      13789  1378  |
| 268    12569   7    | 3      1249   269    | 458    1589   1458  |
| 23     12359   129  | 1249   8      279    | 3457   6      13457 |
:---------------------+----------------------+---------------------:
| 1      2367    268  | 2568   2357   23678  | 35678  4      9     |
| 23678  234679  5    | 24689  23479  236789 | 1      378    3678  |
| 3678   34679   4689 | 45689  34579  1      | 35678  3578   2     |
'---------------------'----------------------'---------------------'

