980700600500040000004000030300020000070800900000005002010000006000100087000009100
:0000:x:9807006005000400000040000303000200000708009000000050020100000+96000100087000009100:::
.-----------------------.---------------------.-------------------.
| 9      8       123    | 7      135    123   | 6     1245   145  |
| 5      236     12367  | 2369   4      12368 | 278   127    189  |
| 1267   26      4      | 2569   15689  1268  | 2578  3      1589 |
:-----------------------+---------------------+-------------------:
| 3      4569    15689  | 469    2      1467  | 4578  14567  1458 |
| 1246   7       1256   | 8      136    1346  | 9     1456   1345 |
| 1468   469     1689   | 3469   13679  5     | 3478  1467   2    |
:-----------------------+---------------------+-------------------:
| 2478   1       23578  | 2345   3578   23478 | 2345  9      6    |
| 246    234569  23569  | 1      356    2346  | 2345  8      7    |
| 24678  23456   235678 | 23456  35678  9     | 1     245    345  |
'-----------------------'---------------------'-------------------'

