900000800010005030003410007000204000020050040090600000800006000030500020007030009
:0000:x:900000800010005030003410007000204000020050040090600000800006000030500020007030009:::
.--------------------.---------------------.-----------------------.
| 9      4567  2456  | 37     267    237   | 8       156     12456 |
| 2467   1     2468  | 789    26789  5     | 2469    3       246   |
| 256    568   3     | 4      1      289   | 2569    569     7     |
:--------------------+---------------------+-----------------------:
| 13567  5678  1568  | 2      789    4     | 135679  156789  13568 |
| 1367   2     168   | 13789  5      13789 | 13679   4       1368  |
| 13457  9     1458  | 6      78     1378  | 12357   1578    12358 |
:--------------------+---------------------+-----------------------:
| 8      45    12459 | 179    2479   6     | 13457   157     1345  |
| 146    3     1469  | 5      4789   1789  | 1467    2       1468  |
| 12456  456   7     | 18     3      128   | 1456    1568    9     |
'--------------------'---------------------'-----------------------'

