980700600500900400003000090600070000054009700000400006400600500020000001000008000
:0000:x:9807006005009004000+4300+60906000700000540+69700000400006400600500020000001000008000:::
.---------------------.----------------------.-----------------------.
| 9      8      12    | 7      12345   12345 | 6      1235    235    |
| 5      167    1267  | 9      1238    123   | 4      12378   2378   |
| 127    4      3     | 1258   1258    6     | 128    9       2578   |
:---------------------+----------------------+-----------------------:
| 6      139    1289  | 12358  7       1235  | 12389  123458  234589 |
| 1238   5      4     | 1238   6       9     | 7      1238    238    |
| 12378  1379   12789 | 4      12358   1235  | 12389  12358   6      |
:---------------------+----------------------+-----------------------:
| 4      1379   1789  | 6      1239    1237  | 5      2378    23789  |
| 378    2      56789 | 35     3459    3457  | 389    34678   1      |
| 137    13679  15679 | 1235   123459  8     | 239    23467   23479  |
'---------------------'----------------------'-----------------------'

