..1....7.39....8..8..1..9....93..7......42.6.2.......4..37..6......1..5..5...6..7
:0000:x:..1....7.39....8..8..1..9....93..7......42.6.2.......4..37..6......1..5..5...6..7:762 763::
.--------------------.-----------------------.---------------------.
| 456   246    1     | 245689  235689  34589 | 2345  7       2356  |
| 3     9      24567 | 2456    2567    457   | 8     124     1256  |
| 8     2467   24567 | 1       23567   3457  | 9     234     2356  |
:--------------------+-----------------------+---------------------:
| 1456  1468   9     | 3       568     158   | 7     128     1258  |
| 157   1378   578   | 589     4       2     | 135   6       13589 |
| 2     1368   568   | 5689    56789   15789 | 135   1389    4     |
:--------------------+-----------------------+---------------------:
| 149   1248   3     | 7       2589    4589  | 6     12489   1289  |
| 4679  24678  24678 | 2489    1       3489  | 234   5       2389  |
| 149   5      248   | 2489    2389    6     | 1234  123489  7     |
'--------------------'-----------------------'---------------------'

