..1.3.....3...5..46.7...3.......8.2.........9.7..6.5.......2..8...9...4..1..5.6..
:0000:x:..1.3.....3...5..46.7...3.......8.2.........9.7..6.5.......2..8...9...4..1..5.6..:717 817 821 823 135 435 835::
.-----------------------.---------------------.---------------------.
| 24589   24589  1      | 24678   3      4679 | 29     56789  2567  |
| 29      3      29     | 12678   12789  5    | 12789  16789  4     |
| 6       24589  7      | 1248    29     149  | 3      1589   125   |
:-----------------------+---------------------+---------------------:
| 13459   4569   34569  | 13457   1479   8    | 147    2      1367  |
| 123458  24568  234568 | 123457  1247   1347 | 1478   13678  9     |
| 123489  7      23489  | 1234    6      1349 | 5      138    13    |
:-----------------------+---------------------+---------------------:
| 34579   4569   34569  | 13467   147    2    | 179    13579  8     |
| 23578   2568   23568  | 9       178    1367 | 127    4      12357 |
| 234789  1      23489  | 3478    5      347  | 6      379    237   |
'-----------------------'---------------------'---------------------'

