....56.8..5.7....3..8......2.....9...4.5....7....92.6.3.4.....15..1..4...1.....7.
:0000:x:....56.8..5.7....3..8......2.....9...4.5....7....92.6.3.4.....15..1..4...1.....7.:742 743::
.---------------------.-----------------------.---------------------.
| 1479   2379   12379 | 2349    5       6     | 127    8      249   |
| 1469   5      1269  | 7       1248    1489  | 126    1249   3     |
| 14679  23679  8     | 2349    1234    1349  | 12567  12459  24569 |
:---------------------+-----------------------+---------------------:
| 2      368    1356  | 3468    134678  13478 | 9      1345   458   |
| 1689   4      1369  | 5       1368    138   | 1238   123    7     |
| 178    378    1357  | 348     9       2     | 1358   6      458   |
:---------------------+-----------------------+---------------------:
| 3      26789  4     | 2689    2678    5789  | 2568   259    1     |
| 5      26789  2679  | 1       23678   3789  | 4      239    2689  |
| 689    1      269   | 234689  23468   34589 | 23568  7      25689 |
'---------------------'-----------------------'---------------------'

