001038000490200030020000100002100400000000015000060000789050060004300800000007000
:0000:x:001038000490200030020000100002100400000000015000060000789+450060004300800000007000:438 439 397 399::
.---------------------.--------------------.---------------------.
| 56     567    1     | 5679  3      8     | 25679  24579  24679 |
| 4      9      5678  | 2     17     156   | 567    3      678   |
| 3568   2      35678 | 5679  479    4569  | 1      5789   6789  |
:---------------------+--------------------+---------------------:
| 35689  3567   2     | 1     789    359   | 4      789    36789 |
| 3689   3467   3678  | 789   24789  2349  | 23679  1      5     |
| 13589  13457  3578  | 5789  6      23459 | 2379   2789   23789 |
:---------------------+--------------------+---------------------:
| 7      8      9     | 4     5      12    | 23     6      123   |
| 1256   156    4     | 3     129    1269  | 8      2579   1279  |
| 12356  1356   356   | 689   1289   7     | 259    2459   1249  |
'---------------------'--------------------'---------------------'

