100000009006700020080000400000075030005002000060300000090000800600040001002500060
:0000:x:100000009006700020080000400000075030005002000060300000090000800600040001002500060:::
.---------------------.----------------------.----------------------.
| 1      23457  347   | 2468   23568   3468  | 3567   578     9     |
| 3459   345    6     | 7      13589   13489 | 135    2       358   |
| 23579  8      379   | 1269   123569  1369  | 4      157     3567  |
:---------------------+----------------------+----------------------:
| 2489   124    1489  | 14689  7       5     | 1269   3       2468  |
| 34789  1347   5     | 14689  1689    2     | 1679   14789   4678  |
| 24789  6      14789 | 3      189     1489  | 12579  145789  24578 |
:---------------------+----------------------+----------------------:
| 3457   9      1347  | 126    1236    1367  | 8      457     23457 |
| 6      357    378   | 289    4       3789  | 23579  579     1     |
| 3478   1347   2     | 5      1389    13789 | 379    6       347   |
'---------------------'----------------------'----------------------'

