..1......6...8.351...1.6...8...7..1..4...29....29....4.1..3.5.7..6......7......83
:0000:x:..1......6...8.351...1.6...8...7..1..4...29....29....4.1..3.5.7..6......7......83:::
.-----------------------.-----------------------.--------------------.
| 23459  235789  1      | 23457  2459    34579  | 24678  24679  2689 |
| 6      279     479    | 247    8       479    | 3      5      1    |
| 23459  235789  345789 | 1      2459    6      | 2478   2479   289  |
:-----------------------+-----------------------+--------------------:
| 8      3569    359    | 3456   7       345    | 26     1      256  |
| 135    4       357    | 3568   156     2      | 9      367    568  |
| 135    3567    2      | 9      156     1358   | 678    367    4    |
:-----------------------+-----------------------+--------------------:
| 249    1       489    | 2468   3       489    | 5      2469   7    |
| 23459  23589   6      | 24578  12459   145789 | 124    249    29   |
| 7      259     459    | 2456   124569  1459   | 1246   8      3    |
'-----------------------'-----------------------'--------------------'

