1....2..5..6.1.9...9..........6....36...2.45.3..4.5..6..7....8..........5..2.6..4
:0000:x:1....2..5..6.1.9...9..........6....36...2.45.3..4.5..6..7....8..........5..2.6..4:::
.-----------------------.------------------------.----------------------.
| 1      3478    348    | 3789    346789  2      | 3678    3467    5    |
| 2478   234578  6      | 3578    1       3478   | 9       2347    278  |
| 2478   9       23458  | 3578    345678  3478   | 123678  123467  1278 |
:-----------------------+------------------------+----------------------:
| 24789  124578  124589 | 6       789     1789   | 1278    1279    3    |
| 6      178     189    | 13789   2       13789  | 4       5       1789 |
| 3      1278    1289   | 4       789     5      | 1278    1279    6    |
:-----------------------+------------------------+----------------------:
| 249    12346   7      | 1359    3459    1349   | 12356   8       129  |
| 2489   123468  123489 | 135789  345789  134789 | 123567  123679  1279 |
| 5      138     1389   | 2       3789    6      | 137     1379    4    |
'-----------------------'------------------------'----------------------'

