003009060500000000210000000000003079001900600000080004000034090000070080002600500
:0000:x:0030090605000000002100000000000030790019006000000800040000340900000700800026+90500:::
.----------------------.----------------------.----------------------.
| 478    478     3     | 124578  1245   9     | 12478    6     12578 |
| 5      46789   46789 | 123478  1246   12678 | 1234789  1234  12378 |
| 2      1       46789 | 34578   456    5678  | 34789    345   3578  |
:----------------------+----------------------+----------------------:
| 468    24568   4568  | 1245    12456  3     | 128      7     9     |
| 3478   234578  1     | 9       245    257   | 6        235   2358  |
| 3679   235679  5679  | 1257    8      12567 | 123      1235  4     |
:----------------------+----------------------+----------------------:
| 1678   5678    5678  | 1258    3      4     | 127      9     1267  |
| 13469  34569   4569  | 125     7      125   | 1234     8     1236  |
| 13478  3478    2     | 6       9      18    | 5        134   137   |
'----------------------'----------------------'----------------------'

