000000012000000003002300400001800005060070800000009000008500000900040500475006000
:0000:x:000000012000000003002300400001800005060070800000009000008500000900040500475006000:::
.---------------------.------------------------.-----------------------.
| 35678  34589  34679 | 4679    5689    4578   | 679     1       2     |
| 15678  14589  4679  | 124679  125689  124578 | 679     56789   3     |
| 15678  1589   2     | 3       15689   1578   | 4       56789   6789  |
:---------------------+------------------------+-----------------------:
| 237    2349   1     | 8       236     234    | 23679   234679  5     |
| 235    6      349   | 124     7       12345  | 8       2349    149   |
| 23578  23458  347   | 1246    12356   9      | 12367   23467   1467  |
:---------------------+------------------------+-----------------------:
| 1236   123    8     | 5       1239    1237   | 123679  234679  14679 |
| 9      123    36    | 127     4       12378  | 5       23678   1678  |
| 4      7      5     | 129     12389   6      | 1239    2389    189   |
'---------------------'------------------------'-----------------------'

