007059060500000000840600000008500400020000070000001008006700980004900500000030007
:0000:x:0070590605+60000000840600000008500400020000070000001008006700980004900500000030007:953 963 993 494::
.-------------------.---------------------.---------------------.
| 123    13    7    | 12348  5      9     | 1238   6      1234  |
| 5      6     1239 | 12348  12478  23478 | 12378  12349  12349 |
| 8      4     1239 | 6      127    237   | 1237   12359  12359 |
:-------------------+---------------------+---------------------:
| 13679  1379  8    | 5      2679   2367  | 4      1239   12369 |
| 13469  2     135  | 348    4689   3468  | 136    7      13569 |
| 34679  3579  35   | 234    24679  1     | 236    2359   8     |
:-------------------+---------------------+---------------------:
| 123    135   6    | 7      124    245   | 9      8      1234  |
| 1237   1378  4    | 9      1268   268   | 5      123    1236  |
| 129    1589  125  | 128    3      24568 | 126    124    7     |
'-------------------'---------------------'---------------------'

