...4....94....923..8..2...4..6..3...8..59...2.......7.3..9....5..8..21...1...5...
:0000:x:...4....94....923..8..2...4..6..3...8..59...2.......7.3..9....5..8..21...1...5...:::
.----------------------.---------------------.---------------------.
| 12567  23567  12357  | 4     135678  1678  | 5678    1568   9    |
| 4      567    157    | 1678  15678   9     | 2       3      1678 |
| 15679  8      13579  | 1367  2       167   | 567     156    4    |
:----------------------+---------------------+---------------------:
| 12579  24579  6      | 1278  1478    3     | 4589    14589  18   |
| 8      347    1347   | 5     9       1467  | 346     146    2    |
| 1259   23459  123459 | 1268  1468    1468  | 345689  7      1368 |
:----------------------+---------------------+---------------------:
| 3      2467   247    | 9     14678   14678 | 4678    2468   5    |
| 5679   45679  8      | 367   3467    2     | 1       469    367  |
| 2679   1      2479   | 3678  34678   5     | 346789  24689  3678 |
'----------------------'---------------------'---------------------'

