007908000540000000600070500000300070000002010004090800000100020008040900060000003
:0000:x:0079+580005400000006+80070500000300070000002010004090800000100020008040900060000003:323 627 628 629 929 438 439 939 943 953 973 993::
.--------------------.--------------------.-------------------.
| 123    123    7    | 9      5     8     | 12346  346  1246  |
| 5      4      129  | 26     1236  136   | 1237   389  1278  |
| 6      8      1239 | 24     7     134   | 5      39   12    |
:--------------------+--------------------+-------------------:
| 1289   1259   1256 | 3      168   1456  | 246    7    24569 |
| 3789   3579   356  | 45678  68    2     | 346    1    4569  |
| 1237   12357  4    | 567    9     1567  | 8      356  256   |
:--------------------+--------------------+-------------------:
| 3479   3579   35   | 1      368   35679 | 467    2    45678 |
| 1237   12357  8    | 2567   4     3567  | 9      56   1567  |
| 12479  6      125  | 2578   28    579   | 147    458  3     |
'--------------------'--------------------'-------------------'

