007004020900000700630700000000080000400001050009400600006300400070005080000000001
:0000:x:007004020900000700630700000000080000400001050009400600006300400070005080000000001:::
.----------------------.---------------------.---------------------.
| 158     158    7     | 15689  13569  4     | 13589  2      35689 |
| 9       12458  12458 | 12568  12356  2368  | 7      1346   34568 |
| 6       3      12458 | 7      1259   289   | 1589   149    4589  |
:----------------------+---------------------+---------------------:
| 12357   1256   1235  | 2569   8      23679 | 1239   13479  23479 |
| 4       268    238   | 269    23679  1     | 2389   5      23789 |
| 123578  1258   9     | 4      2357   237   | 6      137    2378  |
:----------------------+---------------------+---------------------:
| 1258    12589  6     | 3      1279   2789  | 4      79     2579  |
| 123     7      1234  | 1269   12469  5     | 239    8      2369  |
| 2358    24589  23458 | 2689   24679  26789 | 2359   3679   1     |
'----------------------'---------------------'---------------------'

