83...27..159.7..3..7....4.....3.96.....2....1.91.5..7..8...5.....7.8....9.3....8.
:0000:x:83+4..27..159.7..3..7....4..+7..3+196..+3..2.+7..1.91.5..7..8...5...+5.7.8....9.3....8.:634 635 636 238 638 239 639 243 653 458 867 869 178 188::
.---------------.--------------------.--------------------.
| 8    3     4  | 1569   69     2    | 7     1569  569    |
| 1    5     9  | 468    7      468  | 28    3     268    |
| 26   7     26 | 1589   39     138  | 4     159   589    |
:---------------+--------------------+--------------------:
| 7    24    58 | 3      1      9    | 6     245   2458   |
| 3    46    58 | 2      46     7    | 589   59    1      |
| 246  9     1  | 468    5      468  | 23    7     234    |
:---------------+--------------------+--------------------:
| 246  8     26 | 14679  23469  5    | 1239  2469  234679 |
| 5    1246  7  | 1469   8      1346 | 1239  2469  23469  |
| 9    1246  3  | 1467   246    146  | 125   8     24567  |
'---------------'--------------------'--------------------'

