.......2.17..2......38..6.......4..7..93..8...4.....1...5.36.........5..89.5.....
:0000:x:.......2.17..2......38..6.......4..7..93..8...4.....1...5.36.........5..89.5.....:::
.----------------------.----------------------.------------------------.
| 4569   568     468   | 14679  145679  13579 | 13479  2       134589  |
| 1      7       468   | 469    2       359   | 349    34589   34589   |
| 2459   25      3     | 8      14579   1579  | 6      4579    1459    |
:----------------------+----------------------+------------------------:
| 2356   123568  1268  | 1269   15689   4     | 239    3569    7       |
| 2567   1256    9     | 3      1567    1257  | 8      456     2456    |
| 23567  4       2678  | 2679   56789   25789 | 239    1       23569   |
:----------------------+----------------------+------------------------:
| 247    12      5     | 12479  3       6     | 12479  4789    12489   |
| 23467  1236    12467 | 12479  14789   12789 | 5      346789  1234689 |
| 8      9       12467 | 5      147     127   | 12347  3467    12346   |
'----------------------'----------------------'------------------------'

