023000009400000100090030040200810004000007800900040002300090001060000000000500000
:0000:x:023000009400000100090030040200810004000007800900040002300090001060000000000500000:::
.-----------------------.----------------------.-----------------------.
| 15678  2      3       | 1467   5678   14568  | 567     5678    9     |
| 4      578    5678    | 2679   25678  25689  | 1       235678  35678 |
| 15678  9      15678   | 1267   3      12568  | 2567    4       5678  |
:-----------------------+----------------------+-----------------------:
| 2      357    567     | 8      1      3569   | 35679   35679   4     |
| 156    1345   1456    | 2369   256    7      | 8       13569   356   |
| 9      13578  15678   | 36     4      356    | 3567    13567   2     |
:-----------------------+----------------------+-----------------------:
| 3      4578   24578   | 2467   9      2468   | 24567   25678   1     |
| 1578   6      1245789 | 12347  278    12348  | 234579  235789  3578  |
| 178    1478   124789  | 5      2678   123468 | 234679  236789  3678  |
'-----------------------'----------------------'-----------------------'

