001000096000100000570000100007980600006700500400000030005608900000020000000001000
:0000:x:001000096000100000570000100007980600006700500400000030005608900000020000000001000:525 625 526 626::
.-----------------------.---------------------.-----------------------.
| 238     2348    1     | 23458  3457   23457 | 23478  9       6      |
| 23689   234689  23489 | 1      3479   23479 | 23478  24578   234578 |
| 5       7       23489 | 2348   3469   23469 | 1      248     2348   |
:-----------------------+---------------------+-----------------------:
| 123     1235    7     | 9      8      2345  | 6      124     124    |
| 12389   12389   6     | 7      134    234   | 5      1248    12489  |
| 4       12589   289   | 25     156    256   | 278    3       12789  |
:-----------------------+---------------------+-----------------------:
| 1237    1234    5     | 6      347    8     | 9      1247    12347  |
| 136789  134689  3489  | 345    2      34579 | 3478   145678  134578 |
| 236789  234689  23489 | 345    34579  1     | 23478  245678  234578 |
'-----------------------'---------------------'-----------------------'

