005000036000050000890000500400000000009080600000401020070000010000200007003060900
:0000:x:0050000360000500008900005004000000000090806000004010200700000100002000+67003060900:324 924 326 926 642 643::
.---------------------.----------------------.--------------------.
| 127    124    5     | 1789   12479  24789  | 12478  3     6     |
| 12367  12346  12467 | 1678   5      24678  | 12478  4789  12489 |
| 8      9      12467 | 1367   12347  23467  | 5      47    124   |
:---------------------+----------------------+--------------------:
| 4      12358  1278  | 35679  2379   235679 | 1378   5789  13589 |
| 12357  1235   9     | 357    8      2357   | 6      457   1345  |
| 3567   3568   678   | 4      379    1      | 378    2     3589  |
:---------------------+----------------------+--------------------:
| 2569   7      2468  | 3589   349    34589  | 2348   1     23458 |
| 159    1458   148   | 2      1349   34589  | 348    6     7     |
| 125    12458  3     | 1578   6      4578   | 9      458   2458  |
'---------------------'----------------------'--------------------'

