98.7..6..7..85.9....4......6....8.93.7....8.....3....65..9..3...2............5.1.
:0000:x:98.7..6..7..85.9....4......6....8.93.7....8.....3....65..9..3...2............5.1.:::
.--------------------.----------------------.---------------------.
| 9     8     1235   | 7      1234    1234  | 6      2345   1245  |
| 7     136   1236   | 8      5       12346 | 9      234    124   |
| 123   1356  4      | 126    12369   12369 | 1257   23578  12578 |
:--------------------+----------------------+---------------------:
| 6     145   125    | 1245   1247    8     | 12457  9      3     |
| 1234  7     12359  | 12456  12469   12469 | 8      245    1245  |
| 1248  1459  12589  | 3      12479   12479 | 12457  2457   6     |
:--------------------+----------------------+---------------------:
| 5     146   1678   | 9      124678  12467 | 3      24678  2478  |
| 1348  2     136789 | 146    134678  13467 | 457    45678  45789 |
| 348   3469  36789  | 246    234678  5     | 247    1      24789 |
'--------------------'----------------------'---------------------'

