.7...2.59.8.7....4.9..3..8...6.1.....4.5...9...7..3...7....16......2..7..6.4....5
:0000:x:.7...2.59.8.7....4.9..3..8...6.1.....4.5...9...7..3...7....16......2..7..6.4....5:347 348 273 981 991::
.--------------------.------------------.---------------------.
| 1346   7    134    | 168   468   2    | 13     5     9      |
| 12356  8    1235   | 7     569   569  | 123    1236  4      |
| 12456  9    1245   | 16    3     456  | 127    8     1267   |
:--------------------+------------------+---------------------:
| 23589  235  6      | 289   1     4789 | 24578  24    2378   |
| 1238   4    1238   | 5     678   678  | 12378  9     123678 |
| 12589  125  7      | 2689  4689  3    | 12458  1246  1268   |
:--------------------+------------------+---------------------:
| 7      235  34589  | 389   589   1    | 6      234   238    |
| 13458  135  134589 | 3689  2     5689 | 13489  7     138    |
| 1238   6    12389  | 4     789   789  | 12389  123   5      |
'--------------------'------------------'---------------------'

