....9...867....9..5..7.......76..8..1..8.4..2....3..4.....8...4.2...1...8.69..5..
:0000:x:....9...867....9..5..7.......76..8..1..8.4..2....3..4.....8...4.2...1.+8.8.69..5..:317 318 323 524 637::
.---------------------.--------------------.----------------------.
| 234   134    1234   | 12345  9     2356  | 12467  12567   8     |
| 6     7      1248   | 1234   1245  2358  | 9      1235    135   |
| 5     13489  123489 | 7      1246  2368  | 1234   1236    136   |
:---------------------+--------------------+----------------------:
| 2349  3459   7      | 6      125   259   | 8      1359    1359  |
| 1     3569   359    | 8      57    4     | 367    35679   2     |
| 29    5689   2589   | 125    3     2579  | 167    4       15679 |
:---------------------+--------------------+----------------------:
| 379   1359   1359   | 235    8     23567 | 12367  123679  4     |
| 3479  2      3459   | 345    4567  1     | 367    8       3679  |
| 8     134    6      | 9      247   237   | 5      1237    137   |
'---------------------'--------------------'----------------------'

