..7.....89.....5..52.7.......59.....1....3.4.7...1...6.....6.3...92..8......4...1
:0000:x:..7.....89.....5..52.7.......59.....1....3.4.7...1...6.....6.3...92..8......4...1:::
.----------------------.---------------------.----------------------.
| 346    1346    7     | 13456  23569  12459 | 123469  1269   8     |
| 9      13468   13468 | 13468  2368   1248  | 5       1267   2347  |
| 5      2       13468 | 7      3689   1489  | 13469   169    349   |
:----------------------+---------------------+----------------------:
| 23468  3468    5     | 9      2678   2478  | 1237    1278   237   |
| 1      689     268   | 568    25678  3     | 279     4      2579  |
| 7      3489    2348  | 458    1      2458  | 239     2589   6     |
:----------------------+---------------------+----------------------:
| 248    14578   1248  | 158    5789   6     | 2479    3      24579 |
| 346    134567  9     | 2      357    157   | 8       567    457   |
| 2368   35678   2368  | 358    4      5789  | 2679    25679  1     |
'----------------------'---------------------'----------------------'

