...4.....4...891...9..31........5..6.8.3..4..6.7....5..1.9..8....2......9...2...7
:0000:x:...4.....4...891...9..31........5..6.8.3..4..6.7....5..1.9..8....2......9...2...7:::
.----------------------.---------------------.-----------------------.
| 123578  23567  13568 | 4      567    267   | 235679  236789  23589 |
| 4       23567  356   | 2567   8      9     | 1       2367    235   |
| 2578    9      568   | 2567   3      1     | 2567    24678   2458  |
:----------------------+---------------------+-----------------------:
| 123     234    1349  | 1278   1479   5     | 2379    123789  6     |
| 125     8      159   | 3      1679   267   | 4       1279    129   |
| 6       234    7     | 128    149    248   | 239     5       12389 |
:----------------------+---------------------+-----------------------:
| 357     1      3456  | 9      4567   3467  | 8       2346    2345  |
| 3578    34567  2     | 15678  14567  34678 | 3569    13469   13459 |
| 9       3456   34568 | 1568   2      3468  | 356     1346    7     |
'----------------------'---------------------'-----------------------'

