020050000006709020700000500200064070600090050000300006004000000500070090000001800
:0000:x:0200500000+56709020700000500200064070600090050000300006004000000500070090000001800:::
.----------------------.---------------------.-----------------------.
| 13489  2       1389  | 1468   5      368   | 134679  13468  134789 |
| 1348   5       6     | 7      1348   9     | 134     2      1348   |
| 7      13489   1389  | 12468  12348  2368  | 5       13468  13489  |
:----------------------+---------------------+-----------------------:
| 2      1389    13589 | 158    6      4     | 139     7      1389   |
| 6      13478   1378  | 128    9      278   | 1234    5      12348  |
| 1489   14789   15789 | 3      128    2578  | 1249    148    6      |
:----------------------+---------------------+-----------------------:
| 1389   136789  4     | 25689  238    23568 | 12367   136    12357  |
| 5      1368    1238  | 2468   7      2368  | 12346   9      1234   |
| 39     3679    2379  | 24569  234    1     | 8       346    23457  |
'----------------------'---------------------'-----------------------'

