980700600700600500000040030608500900020000000001000000100000000000100096000057100
:0000:x:980700600700600500000040030608500900020000000001000000100000000000100096000057100:572 672 573 673::
.---------------------.-----------------------.-----------------------.
| 9      8      2345  | 7      123     1235   | 6      124     124    |
| 7      134    234   | 6      12389   12389  | 5      1248    12489  |
| 25     156    256   | 289    4       12589  | 278    3       12789  |
:---------------------+-----------------------+-----------------------:
| 6      347    8     | 5      1237    1234   | 9      1247    12347  |
| 345    2      34579 | 3489   136789  134689 | 3478   145678  134578 |
| 345    34579  1     | 23489  236789  234689 | 23478  245678  234578 |
:---------------------+-----------------------+-----------------------:
| 1      3479   23479 | 23489  23689   234689 | 23478  24578   234578 |
| 23458  3457   23457 | 1      238     2348   | 23478  9       6      |
| 2348   3469   23469 | 23489  5       7      | 1      248     2348   |
'---------------------'-----------------------'-----------------------'

