980700600500000000004080050309000004060800200000030000010006000000100026000078100
:0000:x:980700600500000000004080050309000004060800200000030000010006000000100026000078100:::
.---------------------.----------------------.------------------------.
| 9      8      123   | 7      1245   12345  | 6       134     123    |
| 5      237    12367 | 23469  12469  12349  | 34789   134789  123789 |
| 1267   237    4     | 2369   8      1239   | 379     5       12379  |
:---------------------+----------------------+------------------------:
| 3      257    9     | 256    1256   1257   | 578     1678    4      |
| 147    6      157   | 8      1459   14579  | 2       1379    13579  |
| 12478  2457   12578 | 24569  3      124579 | 5789    16789   15789  |
:---------------------+----------------------+------------------------:
| 2478   1      23578 | 23459  2459   6      | 345789  34789   35789  |
| 478    34579  3578  | 1      459    3459   | 345789  2       6      |
| 246    23459  2356  | 23459  7      8      | 1       349     359    |
'---------------------'----------------------'------------------------'

