98.7..6..7......9...6.5.....4......3..78..26.......5....96...52..85...7......1...
:0000:x:98.7..6..7......9...6.5.....4......3..78..26.......5....96...52..85...7......1...:::
.---------------------.------------------------.---------------------.
| 9      8      12345 | 7      1234     234    | 6      1234   145   |
| 7      1235   12345 | 1234   123468   23468  | 1348   9      1458  |
| 1234   123    6     | 12349  5        23489  | 13478  12348  1478  |
:---------------------+------------------------+---------------------:
| 12568  4      125   | 129    12679    25679  | 1789   18     3     |
| 135    1359   7     | 8      1349     3459   | 2      6      149   |
| 12368  12369  123   | 12349  1234679  234679 | 5      148    14789 |
:---------------------+------------------------+---------------------:
| 134    137    9     | 6      3478     3478   | 1348   5      2     |
| 12346  1236   8     | 5      2349     2349   | 1349   7      1469  |
| 23456  23567  2345  | 2349   234789   1      | 3489   348    4689  |
'---------------------'------------------------'---------------------'

