.37658..4....34.764..1.75.32..3.5..88.......55..8.6..16.84.2..734.76....7..58346.
:0000:x:.37658..4....34.764..1.75.32..3.5..88.......55..8.6..16.84.2..734.76....7..58346.:::
.------------------.---------------.------------------.
| 19  3      7     | 6   5      8  | 129    129    4  |
| 19  12589  1259  | 29  3      4  | 1289   7      6  |
| 4   2689   269   | 1   29     7  | 5      289    3  |
:------------------+---------------+------------------:
| 2   1679   1469  | 3   1479   5  | 679    49     8  |
| 8   1679   13469 | 29  12479  19 | 23679  2349   5  |
| 5   79     349   | 8   2479   6  | 2379   2349   1  |
:------------------+---------------+------------------:
| 6   159    8     | 4   19     2  | 139    1359   7  |
| 3   4      1259  | 7   6      19 | 1289   12589  29 |
| 7   129    129   | 5   8      3  | 4      6      29 |
'------------------'---------------'------------------'

