1...5...2.2...93....37...1...4....678.....5.4.6....89..3..851....19.6.2.2..47...3
:0000:x:1...5...2.2...93....37...1...4...+2678.....5+34.6....89+1.3.+2851....19+36.2.2..47+1..3:::
.------------------.------------------.------------------.
| 1     4789  6789 | 368   5     348  | 4679  478   2    |
| 4567  2     5678 | 168   146   9    | 3     4578  568  |
| 4569  4589  3    | 7     246   248  | 469   1     5689 |
:------------------+------------------+------------------:
| 359   159   4    | 1358  19    38   | 2     6     7    |
| 8     179   279  | 16    1269  27   | 5     3     4    |
| 357   6     257  | 35    24    2347 | 8     9     1    |
:------------------+------------------+------------------:
| 4679  3     679  | 2     8     5    | 1     47    69   |
| 457   4578  1    | 9     3     6    | 47    2     58   |
| 2     589   5689 | 4     7     1    | 69    58    3    |
'------------------'------------------'------------------'

