407060329609000451503409687795600248846000913132948576964157832351006794278394165
:0000:x:407060329609000451503409687795600248846000913132948576964157832351006794278394165:::
.----------.---------------.---------.
| 4  18  7 | 58   6     15 | 3  2  9 |
| 6  28  9 | 278  2378  23 | 4  5  1 |
| 5  12  3 | 4    12    9  | 6  8  7 |
:----------+---------------+---------:
| 7  9   5 | 6    13    13 | 2  4  8 |
| 8  4   6 | 257  27    25 | 9  1  3 |
| 1  3   2 | 9    4     8  | 5  7  6 |
:----------+---------------+---------:
| 9  6   4 | 1    5     7  | 8  3  2 |
| 3  5   1 | 28   28    6  | 7  9  4 |
| 2  7   8 | 3    9     4  | 1  6  5 |
'----------'---------------'---------'

