174832596593461278682957001067500900019703605035096807301600759908075060756309082
:0000:x:174832596593461278682957001067500900019703605035096807301600759908075060756309082:441 445 845 448 255 475 487::
.------------.------------.-------------.
| 1    7   4 | 8   3   2  | 5   9    6  |
| 5    9   3 | 4   6   1  | 2   7    8  |
| 6    8   2 | 9   5   7  | 34  34   1  |
:------------+------------+-------------:
| 28   6   7 | 5   12  48 | 9   123  34 |
| 248  1   9 | 7   48  3  | 6   24   5  |
| 24   3   5 | 12  9   6  | 8   124  7  |
:------------+------------+-------------:
| 3    24  1 | 6   28  48 | 7   5    9  |
| 9    24  8 | 12  7   5  | 13  6    34 |
| 7    5   6 | 3   14  9  | 14  8    2  |
'------------'------------'-------------'

