000456800000000200000200013604005001500090007300100502730002000008000000002963000
:0000:x:+2+1+34568+7+90000+3+120000020+9+6136+74+3+25+9+815+2+1+69+8+4+373+8+91005+62730002+1+900080+10+3+20+102963+70+8:421 422 522 523 482 582::
.------------.------------.------------.
| 2   1   3  | 4   5   6  | 8  7   9   |
| 89  69  67 | 78  3   1  | 2  45  45  |
| 48  45  57 | 2   78  9  | 6  1   3   |
:------------+------------+------------:
| 6   7   4  | 3   2   5  | 9  8   1   |
| 5   2   1  | 6   9   8  | 4  3   7   |
| 3   8   9  | 1   47  47 | 5  6   2   |
:------------+------------+------------:
| 7   3   56 | 58  48  2  | 1  9   456 |
| 49  69  8  | 57  1   47 | 3  2   456 |
| 1   45  2  | 9   6   3  | 7  45  8   |
'------------'------------'------------'

