270060090003710000000000100080340506000000000509082040006000000000091700020030015
:0000:x:27+106+509+30+93710+6+5+2+600+9+2+31+70+18+734+95+2600+2+5+7+6+9+8+15+69+182+34+7+7+160+50+2+3+9000+2917+60+920+63+7015:::
.---------------.-----------.-----------.
| 2    7    1   | 48  6  5  | 48  9  3  |
| 48   9    3   | 7   1  48 | 6   5  2  |
| 6    45   458 | 9   2  3  | 1   7  48 |
:---------------+-----------+-----------:
| 1    8    7   | 3   4  9  | 5   2  6  |
| 34   34   2   | 5   7  6  | 9   8  1  |
| 5    6    9   | 1   8  2  | 3   4  7  |
:---------------+-----------+-----------:
| 7    1    6   | 48  5  48 | 2   3  9  |
| 348  345  458 | 2   9  1  | 7   6  48 |
| 9    2    48  | 6   3  7  | 48  1  5  |
'---------------'-----------'-----------'

