918000000600050000000600089052700000080532070000004250370009000000040008000000592
:0000:x:918+40000+560+4+95+800+7+50+7600+4890527+90+80+308+6532+970+7+9+3+80425037+5+2+89000+2+6+9+14+5+7+38+8+4+1+300592:::
.-----------.-----------.--------------.
| 9   1   8 | 4  27  37 | 36  26   5   |
| 6   23  4 | 9  5   8  | 13  12   7   |
| 5   23  7 | 6  12  13 | 4   8    9   |
:-----------+-----------+--------------:
| 14  5   2 | 7  9   16 | 8   146  3   |
| 14  8   6 | 5  3   2  | 9   7    14  |
| 7   9   3 | 8  16  4  | 2   5    16  |
:-----------+-----------+--------------:
| 3   7   5 | 2  8   9  | 16  146  146 |
| 2   6   9 | 1  4   5  | 7   3    8   |
| 8   4   1 | 3  67  67 | 5   9    2   |
'-----------'-----------'--------------'

