5.8..6..4..42.........7418...9.......8176594.......5...6785.........23..2..4..6.8
:0000:x:5+78+1+36+2+94..42+8+9+7.+5..+2+57418.+4+59+3+2+1+8..+38176594+2+7+2+6+9+4+85...6785+3+4+2.+8+4+5+6.23..2.+34.+76+58:::
.-----------.----------.------------.
| 5   7   8 | 1  3   6 | 2  9   4   |
| 16  13  4 | 2  8   9 | 7  36  5   |
| 69  39  2 | 5  7   4 | 1  8   36  |
:-----------+----------+------------:
| 4   5   9 | 3  2   1 | 8  67  67  |
| 3   8   1 | 7  6   5 | 9  4   2   |
| 7   2   6 | 9  4   8 | 5  13  13  |
:-----------+----------+------------:
| 19  6   7 | 8  5   3 | 4  2   19  |
| 8   4   5 | 6  19  2 | 3  17  179 |
| 2   19  3 | 4  19  7 | 6  5   8   |
'-----------'----------'------------'

