001000002090008030600090100000002000030040010000500000002030004080100090700000600
:0000:x:+3+71+4+6+5+9+820900+1803+660+809+31+40+100+302+40003+7+94+601000050+1000+9+12+63+7+8+54+58+61+2+40907+4+3+8+5+96+2+1:549 749 767 769::
.-------------.-----------.-------------.
| 3    7   1  | 4   6   5 | 9   8   2   |
| 24   9   45 | 27  1   8 | 57  3   6   |
| 6    25  8  | 27  9   3 | 1   4   57  |
:-------------+-----------+-------------:
| 1    56  59 | 3   78  2 | 4   67  89  |
| 28   3   7  | 9   4   6 | 25  1   58  |
| 248  26  49 | 5   78  1 | 23  67  389 |
:-------------+-----------+-------------:
| 9    1   2  | 6   3   7 | 8   5   4   |
| 5    8   6  | 1   2   4 | 37  9   37  |
| 7    4   3  | 8   5   9 | 6   2   1   |
'-------------'-----------'-------------'

