000090870000006005000407690010205760000000000078309050083602000500900000041070000
:0000:x:000+19+387+2+1+9+7+8+26005+8+3+24+5769+101+9205760000+700+90007830905+4+783602+50+95+2+69+300+8+7+941+57+800+6:358::
.--------------.-------------.------------.
| 46    56  45 | 1  9     3  | 8   7   2  |
| 1     9   7  | 8  2     6  | 34  34  5  |
| 8     3   2  | 4  5     7  | 6   9   1  |
:--------------+-------------+------------:
| 34    1   9  | 2  48    5  | 7   6   38 |
| 2346  56  45 | 7  1468  14 | 9   12  38 |
| 26    7   8  | 3  16    9  | 12  5   4  |
:--------------+-------------+------------:
| 7     8   3  | 6  14    2  | 5   14  9  |
| 5     2   6  | 9  3     14 | 14  8   7  |
| 9     4   1  | 5  7     8  | 23  23  6  |
'--------------'-------------'------------'

