54.6....3..6.147.5.8...9.6..18.....6.5.....4.4.....89..2.1...3.6.943.1..1....6.29
:0000:x:54.6..+9+13.+96.147+85.8+1..9+26+4.18.+4+3+5+76.5..+6.+34.4+6+3...89.+82+41+9+5+63+76+7943+21+5+81+3+5..6+429:251 254 754 756 264::
.-----------.--------------.----------.
| 5   4  27 | 6    278  78 | 9  1  3  |
| 23  9  6  | 23   1    4  | 7  8  5  |
| 37  8  1  | 357  57   9  | 2  6  4  |
:-----------+--------------+----------:
| 29  1  8  | 29   4    3  | 5  7  6  |
| 79  5  27 | 89   6    18 | 3  4  12 |
| 4   6  3  | 57   257  17 | 8  9  12 |
:-----------+--------------+----------:
| 8   2  4  | 1    9    5  | 6  3  7  |
| 6   7  9  | 4    3    2  | 1  5  8  |
| 1   3  5  | 78   78   6  | 4  2  9  |
'-----------'--------------'----------'

