000000006025080400004703009900004000001000900000600005700306200006010830500000000
:0000:x:+3+7+9+400+1+86+6250804+7+3+1+847+63+5+2990+7004+3000010+3+79000+3+26+90+7057+9+83+462+5+1+2+4601083+75+1+30+70+6+9+4:::
.-----------.--------------.-----------.
| 3   7   9 | 4     25  25 | 1  8   6  |
| 6   2   5 | 19    8   19 | 4  7   3  |
| 1   8   4 | 7     6   3  | 5  2   9  |
:-----------+--------------+-----------:
| 9   56  7 | 1258  25  4  | 3  16  28 |
| 48  56  1 | 258   3   7  | 9  46  28 |
| 48  3   2 | 6     9   18 | 7  14  5  |
:-----------+--------------+-----------:
| 7   9   8 | 3     4   6  | 2  5   1  |
| 2   4   6 | 59    1   59 | 8  3   7  |
| 5   1   3 | 28    7   28 | 6  9   4  |
'-----------'--------------'-----------'

