010009000340000000002035000000900605009000700705002000000140800000000034000700020
:0000:x:+51+8+409+20+3340+20+100+8002+835+40+10009+8+76+15+1+69+3+5+47+8+27+85+6+12+3+4+900014080+7000+5+200340007+9002+6:628 728 938 671 372 972::
.--------------.-----------.-----------.
| 5    1   8   | 4  67  9  | 2   67  3 |
| 3    4   67  | 2  67  1  | 59  59  8 |
| 69   79  2   | 8  3   5  | 4   67  1 |
:--------------+-----------+-----------:
| 24   23  34  | 9  8   7  | 6   1   5 |
| 1    6   9   | 3  5   4  | 7   8   2 |
| 7    8   5   | 6  1   2  | 3   4   9 |
:--------------+-----------+-----------:
| 29   25  36  | 1  4   36 | 8   59  7 |
| 689  79  167 | 5  2   68 | 19  3   4 |
| 48   35  134 | 7  9   38 | 15  2   6 |
'--------------'-----------'-----------'

