000000806070006050003070000000200080006030200010004000000020300050900010108000000
:0000:x:000+30+28+760700+9605+30030700+2+90+3020+9+68000603+72+90010+6+84+5+3+70000203+4+8+35+49+6+8+71+21+28+7+4+3+9+6+5:511 913 421 124 431 432 134 534 541::
.-------------.------------.-----------.
| 49   49  15 | 3   15  2  | 8   7  6  |
| 28   7   12 | 48  9   6  | 14  5  3  |
| 568  68  3  | 48  7   15 | 14  2  9  |
:-------------+------------+-----------:
| 47   3   57 | 2   15  9  | 6   8  14 |
| 458  48  6  | 15  3   7  | 2   9  14 |
| 29   1   29 | 6   8   4  | 5   3  7  |
:-------------+------------+-----------:
| 679  69  79 | 15  2   15 | 3   4  8  |
| 3    5   4  | 9   6   8  | 7   1  2  |
| 1    2   8  | 7   4   3  | 9   6  5  |
'-------------'------------'-----------'

