600009000020030060070010000080020304000000090030060010100004050800003602002500901
:0000:x:6+500+490+2+302003+5060+370+61+20+80+58+6+92+13+740+10+3+5009+6030+4600101+6+3+2+940508+9+5+1+736+42+7+425+8+69+31:423 923::
.-----------.-----------.------------.
| 6   5  18 | 78  4  9  | 17   2  3  |
| 49  2  18 | 78  3  5  | 147  6  79 |
| 3   7  49 | 6   1  2  | 45   8  59 |
:-----------+-----------+------------:
| 5   8  6  | 9   2  1  | 3    7  4  |
| 24  1  47 | 3   5  78 | 28   9  6  |
| 29  3  79 | 4   6  78 | 258  1  58 |
:-----------+-----------+------------:
| 1   6  3  | 2   9  4  | 78   5  78 |
| 8   9  5  | 1   7  3  | 6    4  2  |
| 7   4  2  | 5   8  6  | 9    3  1  |
'-----------'-----------'------------'

