400102003980040012000060000005000300000703000002401700200030009001907200300000006
:0000:x:4+5+61+7200398+7+34+5+612+1+2+3+86+900+7+705+60+830+10+107030000+32401700200+53+6+109+5+619+872+3+4300+2+1+4006:853 955 557 857 458 558 858 958 568 868::
.------------.----------.-------------.
| 4   5   6  | 1  7   2 | 89  89   3  |
| 9   8   7  | 3  4   5 | 6   1    2  |
| 1   2   3  | 8  6   9 | 45  45   7  |
:------------+----------+-------------:
| 7   49  5  | 6  29  8 | 3   249  1  |
| 68  1   49 | 7  25  3 | 49  26   58 |
| 68  3   2  | 4  59  1 | 7   69   58 |
:------------+----------+-------------:
| 2   47  48 | 5  3   6 | 1   78   9  |
| 5   6   1  | 9  8   7 | 2   3    4  |
| 3   79  89 | 2  1   4 | 58  578  6  |
'------------'----------'-------------'

