000000000004305800020907010078000650000000000051000430010203090003608700000000000
:0000:x:+7+3+9000+2+4+5+1+643+258+7+9+82+59+47+31+60780006500+4+2000+9+80051000430+41+62+73+59+8+5+936+187+2+4+2+8+7000+1+6+3:146 946 666::
.----------.--------------.----------.
| 7   3  9 | 18   68   16 | 2  4  5  |
| 1   6  4 | 3    2    5  | 8  7  9  |
| 8   2  5 | 9    4    7  | 3  1  6  |
:----------+--------------+----------:
| 39  7  8 | 14   39   24 | 6  5  12 |
| 36  4  2 | 157  356  16 | 9  8  17 |
| 69  5  1 | 78   689  29 | 4  3  27 |
:----------+--------------+----------:
| 4   1  6 | 2    7    3  | 5  9  8  |
| 5   9  3 | 6    1    8  | 7  2  4  |
| 2   8  7 | 45   59   49 | 1  6  3  |
'----------'--------------'----------'

