091000460040126050006407100900000002503060904000000000080030090600040008000502000
:0000:x:+291+8+5+346+7+34+7126+85+9+8+564+971+2+3900+3+10002503+26+8904000+9+70000080+63+109+560+5+74+90080+3+95+820+40:747 162 168::
.-------------.----------.-------------.
| 2   9   1   | 8  5  3  | 4    6   7  |
| 3   4   7   | 1  2  6  | 8    5   9  |
| 8   5   6   | 4  9  7  | 1    2   3  |
:-------------+----------+-------------:
| 9   67  48  | 3  1  45 | 56   78  2  |
| 5   17  3   | 2  6  8  | 9    17  4  |
| 14  26  248 | 9  7  45 | 356  38  16 |
:-------------+----------+-------------:
| 47  8   24  | 6  3  1  | 27   9   5  |
| 6   12  5   | 7  4  9  | 23   13  8  |
| 17  3   9   | 5  8  2  | 67   4   16 |
'-------------'----------'-------------'

