008000300000504000400001002019000850000000000053000620100408007000906000007000900
:0000:x:+5+280003+4+1+9+3+15+24+7+8+64+7+6+3+81+5+920190008500+6+4000+1+700530006201+9+54+38+2+67+3+8+29+76+4+1+5+6+470009+3+8:746 256 956::
.----------.--------------.----------.
| 5   2  8 | 67   69   79 | 3  4  1  |
| 9   3  1 | 5    2    4  | 7  8  6  |
| 4   7  6 | 3    8    1  | 5  9  2  |
:----------+--------------+----------:
| 27  1  9 | 267  46   23 | 8  5  34 |
| 28  6  4 | 28   59   35 | 1  7  39 |
| 78  5  3 | 178  149  79 | 6  2  49 |
:----------+--------------+----------:
| 1   9  5 | 4    3    8  | 2  6  7  |
| 3   8  2 | 9    7    6  | 4  1  5  |
| 6   4  7 | 12   15   25 | 9  3  8  |
'----------'--------------'----------'

