010000020340000056000504000007685200000107000001432700000306000560000038090000040
:0000:x:01+5+9+6+302034+2+7+1+8+956+60+95+240000+3768520000+61+970+800014327+60+10+83+46+50056+4+2+7+9+13809+3+8+5+1+640:739 779::
.-----------.---------.-------------.
| 78  1   5 | 9  6  3 | 48  2   47  |
| 3   4   2 | 7  1  8 | 9   5   6   |
| 6   78  9 | 5  2  4 | 38  17  13  |
:-----------+---------+-------------:
| 49  3   7 | 6  8  5 | 2   19  149 |
| 24  25  6 | 1  9  7 | 34  8   345 |
| 89  58  1 | 4  3  2 | 7   6   59  |
:-----------+---------+-------------:
| 1   27  8 | 3  4  6 | 5   79  29  |
| 5   6   4 | 2  7  9 | 1   3   8   |
| 27  9   3 | 8  5  1 | 6   4   27  |
'-----------'---------'-------------'

