300040001050107020107000905000803000003492500000010000040689030008304700000000000
:0000:x:3+8+2+94+5+6+71+45+91+670201+67+2+3+89+4500+18030000+734925+1000+401+6000+74+5689+13+20+183047000+3+600+1000:241 941 649 949 261 961 867 869 969 988 998::
.-----------.------------.-------------.
| 3   8   2 | 9   4    5 | 6   7   1   |
| 4   5   9 | 1   6    7 | 38  2   38  |
| 1   6   7 | 2   3    8 | 9   4   5   |
:-----------+------------+-------------:
| 56  29  1 | 8   57   3 | 24  69  47  |
| 68  7   3 | 4   9    2 | 5   1   68  |
| 58  29  4 | 57  1    6 | 23  89  37  |
:-----------+------------+-------------:
| 7   4   5 | 6   8    9 | 1   3   2   |
| 29  1   8 | 3   25   4 | 7   56  69  |
| 29  3   6 | 57  257  1 | 48  58  489 |
'-----------'------------'-------------'

