004600000010008500900000070500200060000050000070000008060000001001900020000007304
:0000:x:0+546+7+20+10+61+70+9850+2900+50007+650+92+8006+7000+7500000700000+58+46+3+8+2+5+7+91+7+819+3+4+62+5+2+9+5+1+673+84:351 352 156 356 166 366 167 467::
.-------------.------------.--------------.
| 38  5   4   | 6   7   2  | 89    1   39 |
| 6   1   7   | 34  9   8  | 5     34  2  |
| 9   23  28  | 5   14  13 | 48    7   6  |
:-------------+------------+--------------:
| 5   34  9   | 2   8   13 | 14    6   7  |
| 18  24  268 | 7   5   69 | 1249  34  39 |
| 13  7   26  | 34  14  69 | 29    5   8  |
:-------------+------------+--------------:
| 4   6   3   | 8   2   5  | 7     9   1  |
| 7   8   1   | 9   3   4  | 6     2   5  |
| 2   9   5   | 1   6   7  | 3     8   4  |
'-------------'------------'--------------'

