020000400000720005300180000045000000091000070000000680000005007000039000006000030
:0000:x:020+5+904000+607200053+50180+70+2+645+9+7+80+20+891+3+6+2+57+4000+4+5+168+9000+6+150+47+400+8390+5+6+506+2+4+7+930:119 923 127 873::
.-------------.----------.------------.
| 17  2   78  | 5  9  36 | 4   16  38 |
| 19  6   48  | 7  2  34 | 38  19  5  |
| 3   5   49  | 1  8  46 | 7   69  2  |
:-------------+----------+------------:
| 6   4   5   | 9  7  8  | 13  2   13 |
| 8   9   1   | 3  6  2  | 5   7   4  |
| 27  37  237 | 4  5  1  | 6   8   9  |
:-------------+----------+------------:
| 29  38  239 | 6  1  5  | 28  4   7  |
| 4   17  27  | 8  3  9  | 12  5   6  |
| 5   18  6   | 2  4  7  | 9   3   18 |
'-------------'----------'------------'

