005300400003002069070090020080000000300107004000000030090010050750600300002009600
:0000:x:+9+253+6+14+7+8003002+569070+49+5+12+30800+300+103+6+91+57+2+8400000003009001+3+8507506003+900+32+5096+40:821 441 749 161 461 865 769 483 885::
.-------------.--------------.-----------.
| 9   2   5   | 3    6   1   | 4   7  8  |
| 14  14  3   | 78   78  2   | 5   6  9  |
| 68  7   68  | 4    9   5   | 1   2  3  |
:-------------+--------------+-----------:
| 25  8   47  | 29   3   46  | 79  1  56 |
| 3   6   9   | 1    5   7   | 2   8  4  |
| 25  14  147 | 289  24  468 | 79  3  56 |
:-------------+--------------+-----------:
| 46  9   46  | 27   1   3   | 8   5  27 |
| 7   5   18  | 6    24  48  | 3   9  12 |
| 18  3   2   | 5    78  9   | 6   4  17 |
'-------------'--------------'-----------'

