000703000009050700070800002003000045000010000150000200400007030001060900000402000
:0000:x:+6+1+87+23+4+5+9+2+49+65+17+8+3+37+58+4+9+6+120030+70+145000010+30015000020040+2+107+53+6+7010609+2+4+50+6402+8+7+1:842 942 852 952 965::
.------------.---------------.-----------.
| 6   1   8  | 7    2   3    | 4  5   9  |
| 2   4   9  | 6    5   1    | 7  8   3  |
| 3   7   5  | 8    4   9    | 6  1   2  |
:------------+---------------+-----------:
| 89  26  3  | 29   7   68   | 1  4   5  |
| 89  26  47 | 259  1   4568 | 3  69  78 |
| 1   5   47 | 39   38  468  | 2  69  78 |
:------------+---------------+-----------:
| 4   89  2  | 1    89  7    | 5  3   6  |
| 7   38  1  | 35   6   58   | 9  2   4  |
| 5   39  6  | 4    39  2    | 8  7   1  |
'------------'---------------'-----------'

