002503800000080000800602001604801709030000050705904602100308007000090000007106900
:0000:x:+4+725+138+9+6000+48+9+2+708006+720+416+248+517+39+930+2+6+70507059+34602100308007+200+79+5000007106900:522 323 472 672 882 888 389 592 499 899::
.-------------.----------.-------------.
| 4   7   2   | 5  1   3 | 8    9   6  |
| 35  16  16  | 4  8   9 | 2    7   35 |
| 8   59  39  | 6  7   2 | 35   4   1  |
:-------------+----------+-------------:
| 6   2   4   | 8  5   1 | 7    3   9  |
| 9   3   18  | 2  6   7 | 14   5   48 |
| 7   18  5   | 9  3   4 | 6    18  2  |
:-------------+----------+-------------:
| 1   59  69  | 3  24  8 | 45   26  7  |
| 2   46  368 | 7  9   5 | 134  16  48 |
| 35  48  7   | 1  24  6 | 9    28  35 |
'-------------'----------'-------------'

