800050103060100000003008609090010800200803006006020070608700200000001090904080007
:0000:x:8+400501+23+5601+30+7+8+4+1030086+59+4900108+3+220+18030+46+3+8602007+16+387002+1+5+700+3+61+49+89+14080+3+67:916 546::
.-----------.--------------.----------.
| 8  4   79 | 69   5   67  | 1   2  3 |
| 5  6   29 | 1    3   29  | 7   8  4 |
| 1  27  3  | 24   47  8   | 6   5  9 |
:-----------+--------------+----------:
| 4  9   57 | 56   1   67  | 8   3  2 |
| 2  57  1  | 8    79  3   | 59  4  6 |
| 3  8   6  | 459  2   459 | 59  7  1 |
:-----------+--------------+----------:
| 6  3   8  | 7    49  49  | 2   1  5 |
| 7  25  25 | 3    6   1   | 4   9  8 |
| 9  1   4  | 25   8   25  | 3   6  7 |
'-----------'--------------'----------'

