..135.....5.......9.6..1......8..7..248.3...9.....4..56.9.8.5.2.1..9..7...3.4.8..
:0000:x:.+8135.....5+2.+6+8...9+36.+71.+5+8..+58..7.+4248.3...9..+7..4.+856+79+18+35+42+81+4.9..7.+5+23.4.8+9+1:246 148 648 654 656 264 167 667 684 686::
.-----------.------------.--------------.
| 47  8   1 | 3   5   29 | 2469  26  67 |
| 47  5   2 | 49  6   8  | 1349  13  37 |
| 9   3   6 | 24  7   1  | 24    5   8  |
:-----------+------------+--------------:
| 13  69  5 | 8   12  69 | 7     23  4  |
| 2   4   8 | 57  3   57 | 16    16  9  |
| 13  69  7 | 69  12  4  | 23    8   5  |
:-----------+------------+--------------:
| 6   7   9 | 1   8   3  | 5     4   2  |
| 8   1   4 | 25  9   25 | 36    7   36 |
| 5   2   3 | 67  4   67 | 8     9   1  |
'-----------'------------'--------------'

