320006480068401235045823690854267913030185742217004568470002859082009374593748126
:0000:x:320006480068401235045823690854267913030185742217004568470002859082009374593748126:::
.-----------.------------.----------.
| 3   2  19 | 59  579  6 | 4  8  17 |
| 79  6  8  | 4   79   1 | 2  3  5  |
| 17  4  5  | 8   2    3 | 6  9  17 |
:-----------+------------+----------:
| 8   5  4  | 2   6    7 | 9  1  3  |
| 69  3  69 | 1   8    5 | 7  4  2  |
| 2   1  7  | 39  39   4 | 5  6  8  |
:-----------+------------+----------:
| 4   7  16 | 36  13   2 | 8  5  9  |
| 16  8  2  | 56  15   9 | 3  7  4  |
| 5   9  3  | 7   4    8 | 1  2  6  |
'-----------'------------'----------'

