000005000470200093059700080007800009080040020100009400010003240860001057000500000
:0000:x:0+2+80+95+70+447+12+6+8+59305970+408+2+5+4780+2009+98+604+702+51+3+2+6+594+7+8+71+5+9+8324+686+3+4+21+957+2+9+45+7+6+8+3+1:::
.----------.-----------.------------.
| 36  2  8 | 13  9   5 | 7    16  4 |
| 4   7  1 | 2   6   8 | 5    9   3 |
| 36  5  9 | 7   13  4 | 16   8   2 |
:----------+-----------+------------:
| 5   4  7 | 8   13  2 | 136  16  9 |
| 9   8  6 | 13  4   7 | 13   2   5 |
| 1   3  2 | 6   5   9 | 4    7   8 |
:----------+-----------+------------:
| 7   1  5 | 9   8   3 | 2    4   6 |
| 8   6  3 | 4   2   1 | 9    5   7 |
| 2   9  4 | 5   7   6 | 8    3   1 |
'----------'-----------'------------'

