007019860801750000060000007100000050050030090030000002200000030000042601076180400
:0000:x:0+2701986+58+9175+6+2+4+3060+8+20+9+171+4+2+9+7+8+35+6+65+8+23+1+79+4+73+90+60+1+822+1+4+6+9+7+53+8+9+800426+710761804+2+9:::
.------------.-----------.---------.
| 34   2  7  | 34  1  9  | 8  6  5 |
| 8    9  1  | 7   5  6  | 2  4  3 |
| 345  6  35 | 8   2  34 | 9  1  7 |
:------------+-----------+---------:
| 1    4  2  | 9   7  8  | 3  5  6 |
| 6    5  8  | 2   3  1  | 7  9  4 |
| 7    3  9  | 45  6  45 | 1  8  2 |
:------------+-----------+---------:
| 2    1  4  | 6   9  7  | 5  3  8 |
| 9    8  35 | 35  4  2  | 6  7  1 |
| 35   7  6  | 1   8  35 | 4  2  9 |
'------------'-----------'---------'

