000000700008006049476000080080092001090705020200160070020000817860200300007000000
:0000:x:+9+5+200+17+3+6008+5+76+249476+9+2+3+18+5+780092+5+61+69+1705+42020+5160+970020+60+981786+92+1+73+5+4007000+6+9+2:391 392 494 395 495::
.------------.-------------.----------.
| 9   5   2  | 48  48   1  | 7  3  6  |
| 13  13  8  | 5   7    6  | 2  4  9  |
| 4   7   6  | 9   2    3  | 1  8  5  |
:------------+-------------+----------:
| 7   8   34 | 34  9    2  | 5  6  1  |
| 6   9   1  | 7   38   5  | 4  2  38 |
| 2   34  5  | 1   6    48 | 9  7  38 |
:------------+-------------+----------:
| 35  2   34 | 6   345  9  | 8  1  7  |
| 8   6   9  | 2   1    7  | 3  5  4  |
| 15  14  7  | 38  58   48 | 6  9  2  |
'------------'-------------'----------'

