000090801392008000000000020030600502600040003109003040080000000000800465403050000
:0000:x:+5+400908013920080+500+1000002003+46005+926+20040+1031+5900304008+500000+70+7+18+304654+63050+200:714 716 724 625 733 434 734 636 736 637 737 639 745 754 756 765 174 274 175 276 976 994 196::
.-----------.-------------.------------.
| 5   4  67 | 23  9   26  | 8   37  1  |
| 3   9  2  | 14  17  8   | 67  5   46 |
| 78  1  68 | 35  67  45  | 39  2   49 |
:-----------+-------------+------------:
| 78  3  4  | 6   18  17  | 5   9   2  |
| 6   2  78 | 59  4   59  | 1   78  3  |
| 1   5  9  | 27  28  3   | 67  4   68 |
:-----------+-------------+------------:
| 29  8  5  | 49  26  146 | 39  13  7  |
| 29  7  1  | 8   3   29  | 4   6   5  |
| 4   6  3  | 17  5   79  | 2   18  89 |
'-----------'-------------'------------'

