001002003020010400300900070006000004010090030800000900030004007004050090600700200
:0000:x:0010+72+5+83+52+70104+6+930+890+5+17+200600000401+209003080+300+7900+13+9004+6+57+2+74050+39+86+8+57+3+92+4+1:412 144 244 844 846 464 564 664 265::
.-----------.--------------.------------.
| 49  69  1 | 46    7   2  | 5   8   3  |
| 5   2   7 | 38    1   38 | 4   6   9  |
| 3   46  8 | 9     46  5  | 1   7   2  |
:-----------+--------------+------------:
| 79  59  6 | 35    28  13 | 78  12  4  |
| 47  1   2 | 4568  9   68 | 78  3   56 |
| 8   45  3 | 12    46  7  | 9   12  56 |
:-----------+--------------+------------:
| 1   3   9 | 28    28  4  | 6   5   7  |
| 2   7   4 | 16    5   16 | 3   9   8  |
| 6   8   5 | 7     3   9  | 2   4   1  |
'-----------'--------------'------------'

