007000098600900700500000600000030040020001009006500000000004010000020003008700900
:0000:x:007000098600900700500000600000030040020001009006500000000004010000020003008700900:842 862::
.-----------------------.--------------------.---------------------.
| 1234    134     7     | 12346  1456  2356  | 12345  9      8     |
| 6       1348    1234  | 9      1458  2358  | 7      235    1245  |
| 5       13489   12349 | 12348  1478  2378  | 6      23     124   |
:-----------------------+--------------------+---------------------:
| 1789    1579    159   | 268    3     26789 | 1258   4      12567 |
| 3478    2       345   | 468    4678  1     | 358    35678  9     |
| 134789  13479   6     | 5      4789  2789  | 1238   2378   127   |
:-----------------------+--------------------+---------------------:
| 2379    35679   2359  | 368    5689  4     | 258    1      2567  |
| 1479    145679  1459  | 168    2     5689  | 458    5678   3     |
| 1234    13456   8     | 7      156   356   | 9      256    2456  |
'-----------------------'--------------------'---------------------'

