000002300040090000700000000500600100000480000000000020000800004200000090103000000
:0000:x:+9000+423+80+840+39000+27+3+200+8+40+95+7+96+2+31+4+8+3+20480+900+40+8+90002+3+6+5+78+1+9+2+342+8+40+3009+11+93+20+4+800:126::
.------------.---------------.----------------.
| 9  16  156 | 157  4    2   | 3    8     567 |
| 8  4   156 | 3    9    567 | 567  1567  2   |
| 7  3   2   | 15   56   8   | 4    156   9   |
:------------+---------------+----------------:
| 5  7   9   | 6    2    3   | 1    4     8   |
| 3  2   16  | 4    8    157 | 9    567   567 |
| 4  16  8   | 9    57   157 | 567  2     3   |
:------------+---------------+----------------:
| 6  5   7   | 8    1    9   | 2    3     4   |
| 2  8   4   | 57   3    567 | 567  9     1   |
| 1  9   3   | 2    567  4   | 8    567   567 |
'------------'---------------'----------------'

