000000280000095000000040000000800030005006000800000000140700000000000509070000600
:0000:x:+9+50+6002800000950+600+6004+8+9+50+6+9080003+5005+906+80+2800+5000+9+614+67+5+9+3+2+8000+4+6+15+79+57+9+3+8+2600:313 713 115 319 719 727 129 429 139::
.--------------------.---------------.-------------.
| 9     5     14     | 6   37    37  | 2    8   14 |
| 2347  1238  123478 | 12  9     5   | 14   6   37 |
| 237   6     1237   | 12  4     8   | 9    5   37 |
:--------------------+---------------+-------------:
| 6     9     1247   | 8   127   47  | 147  3   5  |
| 347   13    5      | 9   137   6   | 8    14  2  |
| 8     123   12347  | 5   1237  347 | 147  9   6  |
:--------------------+---------------+-------------:
| 1     4     6      | 7   5     9   | 3    2   8  |
| 23    238   238    | 4   6     1   | 5    7   9  |
| 5     7     9      | 3   8     2   | 6    14  14 |
'--------------------'---------------'-------------'

