2687953419..6..27...41..96.....7.834..3...75.......1.6..6.8.5.7.87...4.33...1768.
:0000:x:2687953419..6..27...41..96.....7.834..3...75.......1.6..6.8.5.7.87...4.33...1768.:::
.-------------------.----------------------.------------.
| 2     6      8    | 7       9     5      | 3  4    1  |
| 9     135    15   | 6       34    348    | 2  7    58 |
| 57    357    4    | 1       23    238    | 9  6    58 |
:-------------------+----------------------+------------:
| 156   1259   1259 | 259     7     1269   | 8  3    4  |
| 1468  1249   3    | 2489    246   124689 | 7  5    29 |
| 4578  24579  259  | 234589  2345  23489  | 1  29   6  |
:-------------------+----------------------+------------:
| 14    1249   6    | 2349    8     2349   | 5  129  7  |
| 15    8      7    | 259     256   269    | 4  129  3  |
| 3     2459   259  | 2459    1     7      | 6  8    29 |
'-------------------'----------------------'------------'

