004000097650000021910007304201030000503206000000000000000600000000174600700090010
:0000:x:+3+24+8+6+1+59765+7+9+4+3+82191+8+5+273+64201+430000503206000+400+700000+100600000+800174600700+390010:::
.--------------.-------------.---------------------.
| 3  2     4   | 8  6    1   | 5     9      7      |
| 6  5     7   | 9  4    3   | 8     2      1      |
| 9  1     8   | 5  2    7   | 3     6      4      |
:--------------+-------------+---------------------:
| 2  6789  1   | 4  3    589 | 79    578    5689   |
| 5  789   3   | 2  18   6   | 1479  478    89     |
| 4  689   69  | 7  158  589 | 129   358    235689 |
:--------------+-------------+---------------------:
| 1  349   259 | 6  58   258 | 2479  34578  23589  |
| 8  39    259 | 1  7    4   | 6     35     2359   |
| 7  46    256 | 3  9    258 | 24    1      258    |
'--------------'-------------'---------------------'

