020058000000000006050000040005001602900736010000000070030400000009100063500090087
:0000:x:0200580+300+9000+4006050000040+3+75+8+416+9290+2736010000+5+2+9+370030400000009100063500090087:457 462 862 492::
.------------------.----------------.----------------.
| 1467   2   1467  | 69    5    8   | 179    3   19  |
| 178    9   1378  | 23    17   4   | 12578  25  6   |
| 1678   5   13678 | 2369  167  237 | 12789  4   189 |
:------------------+----------------+----------------:
| 3      7   5     | 8     4    1   | 6      9   2   |
| 9      48  2     | 7     3    6   | 58     1   458 |
| 1468   16  1468  | 5     2    9   | 3      7   48  |
:------------------+----------------+----------------:
| 12678  3   1678  | 4     678  257 | 1259   25  159 |
| 2478   48  9     | 1     78   257 | 245    6   3   |
| 5      16  146   | 236   9    23  | 124    8   7   |
'------------------'----------------'----------------'

