600005003000709105210004000021900080000003560004000030000000200000007004490000000
:0000:x:6+7+9005+8+43+8+4+37+691+2521+5004000+3219+5+6+48+7+9+8+7003560+5+640+70+930+700000200+100007004490000000:179 199::
.------------.--------------------.---------------.
| 6  7   9   | 12      12     5   | 8    4    3   |
| 8  4   3   | 7       6      9   | 1    2    5   |
| 2  1   5   | 38      38     4   | 67   79   69  |
:------------+--------------------+---------------:
| 3  2   1   | 9       5      6   | 4    8    7   |
| 9  8   7   | 124     124    3   | 5    6    12  |
| 5  6   4   | 128     7      128 | 9    3    12  |
:------------+--------------------+---------------:
| 7  35  68  | 134568  13489  18  | 2    159  689 |
| 1  35  268 | 23568   2389   7   | 36   59   4   |
| 4  9   268 | 123568  1238   128 | 367  157  68  |
'------------'--------------------'---------------'

