309000500000000029060000030030200060700005082250704000070000000190403000000500300
:0000:x:3+29000500000000029060000030+93+4200+76+57+1+6005+48225+87+6400+307+30000+5019+54030+7000+2500300:677 679 699::
.-------------.----------------------.------------------.
| 3    2   9  | 168   1478     1678  | 5     14   14678 |
| 458  48  17 | 1368  134578   1678  | 168   2    9     |
| 458  6   17 | 189   1245789  12789 | 18    3    1478  |
:-------------+----------------------+------------------:
| 9    3   4  | 2     18       18    | 7     6    5     |
| 7    1   6  | 39    39       5     | 4     8    2     |
| 2    5   8  | 7     6        4     | 19    19   3     |
:-------------+----------------------+------------------:
| 468  7   3  | 1689  1289     12689 | 1289  5    148   |
| 1    9   5  | 4     28       3     | 268   7    68    |
| 468  48  2  | 5     1789     16789 | 3     149  148   |
'-------------'----------------------'------------------'

