400700089500068100070000000000802300063000050000000000000000004091007020020900810
:0000:x:4+107000895+3+906810007000000000080230006300005000000000000000000409100702002+4900810:334 335 336 667 668 669 574 575 576 577::
.------------------.-----------------------.------------------.
| 4      1    26   | 7      235     35     | 256   8     9    |
| 5      3    9    | 24     6       8      | 1     47    27   |
| 268    7    268  | 1245   12459   1459   | 2456  346   2356 |
:------------------+-----------------------+------------------:
| 179    45   57   | 8      14579   2      | 3     4679  167  |
| 12789  6    3    | 14     1479    149    | 2479  5     1278 |
| 12789  458  2578 | 13456  134579  134569 | 2479  479   1278 |
:------------------+-----------------------+------------------:
| 3678   58   5678 | 1236   1238    136    | 679   3679  4    |
| 368    9    1    | 3456   3458    7      | 56    2     356  |
| 367    2    4    | 9      35      356    | 8     1     3567 |
'------------------'-----------------------'------------------'

