850400000000000034006009000010000000070008240000000783987010006000000000002563000
:0000:x:850400000+700000034+406009000+31+8+7+4+200007000824+1+20+4000783987+21+4+3+5600000+7+4+1+2+1+42563000:555::
.-------------.-----------------.------------------.
| 8   5   139 | 4    237    16  | 169    2679  79  |
| 7   29  19  | 168  258    156 | 15689  3     4   |
| 4   23  6   | 138  23578  9   | 158    27    578 |
:-------------+-----------------+------------------:
| 3   1   8   | 7    4      2   | 569    69    59  |
| 56  7   59  | 369  39     8   | 2      4     1   |
| 2   69  4   | 169  59     156 | 7      8     3   |
:-------------+-----------------+------------------:
| 9   8   7   | 2    1      4   | 3      5     6   |
| 56  36  35  | 89   89     7   | 4      1     2   |
| 1   4   2   | 5    6      3   | 89     79    789 |
'-------------'-----------------'------------------'

