500040902000000041013006500000017020300000000061098000980000005000000000000084003
:0000:x:5+70040902000000041+413+9+26500+8000170203000000000610980009800000050+3000+90000000840+93:314 818 324 727 827 443 453 374::
.-------------------.-----------------.----------------------.
| 5     7     68    | 18     4    13  | 9       36     2     |
| 26    29    2689  | 578    357  35  | 36      4      1     |
| 4     1     3     | 9      2    6   | 5       78     78    |
:-------------------+-----------------+----------------------:
| 8     459   59    | 3456   1    7   | 346     2      469   |
| 3     2459  2579  | 2456   56   25  | 14678   15678  46789 |
| 27    6     1     | 2345   9    8   | 347     357    47    |
:-------------------+-----------------+----------------------:
| 9     8     2467  | 1267   367  123 | 12467   167    5     |
| 1267  3     24567 | 12567  567  9   | 124678  1678   4678  |
| 1267  25    2567  | 12567  8    4   | 1267    9      3     |
'-------------------'-----------------'----------------------'

