001008020800090640502000007080020000000009003000410000000000000060900510007140060
:0000:x:+6+41008+32+98+7+3+29+164+55+9200+4+1+87080020+40+1000009+203000410+80+6000000+7+30060900510007140+96+8:::
.-----------------.------------------.------------.
| 6     4    1    | 57    57    8    | 3  2    9  |
| 8     7    3    | 2     9     1    | 6  4    5  |
| 5     9    2    | 36    36    4    | 1  8    7  |
:-----------------+------------------+------------:
| 379   8    569  | 3567  2     3567 | 4  579  1  |
| 147   15   456  | 5678  5678  9    | 2  57   3  |
| 2379  235  59   | 4     1     357  | 8  579  6  |
:-----------------+------------------+------------:
| 1249  125  4589 | 568   568   256  | 7  3    24 |
| 234   6    48   | 9     378   237  | 5  1    24 |
| 23    235  7    | 1     4     235  | 9  6    8  |
'-----------------'------------------'------------'

