010000049009315068000000500000096000000400020030000000060007800000040006705030004
:0000:x:+510000049009315068000+90+450000009600000040+3020030000000060007800000040006705+630004:::
.-----------------------.-------------------.--------------------.
| 5       1      23678  | 278    2678  28   | 237    4      9    |
| 24      247    9      | 3      1     5    | 27     6      8    |
| 2368    278    23678  | 9      2678  4    | 5      137    1237 |
:-----------------------+-------------------+--------------------:
| 1248    24578  12478  | 12578  9     6    | 1347   13578  1357 |
| 1689    5789   1678   | 4      578   3    | 1679   2      157  |
| 124689  3      124678 | 12578  2578  128  | 14679  15789  157  |
:-----------------------+-------------------+--------------------:
| 12349   6      1234   | 125    25    7    | 8      1359   1235 |
| 12389   289    1238   | 1258   4     1289 | 12379  13579  6    |
| 7       289    5      | 6      3     1289 | 129    19     4    |
'-----------------------'-------------------'--------------------'

