000040067009008004004003000000000080070002009610500070200000000003000040100204300
:0000:x:+3+2+1+94+5+8670090+280+34004003+9+20+9+3+5+400080+47+800200961+25+8+9+47+32+40000000003000040100204300:781 682 692::
.--------------.--------------------.-------------------.
| 3    2    1  | 9      4       5   | 8      6    7     |
| 57   56   9  | 167    2       8   | 15     3    4     |
| 578  568  4  | 167    167     3   | 9      2    15    |
:--------------+--------------------+-------------------:
| 9    3    5  | 4      167     167 | 126    8    126   |
| 4    7    8  | 136    136     2   | 156    15   9     |
| 6    1    2  | 5      8       9   | 4      7    3     |
:--------------+--------------------+-------------------:
| 2    4    67 | 13678  135679  167 | 1567   159  1568  |
| 58   589  3  | 1678   15679   167 | 12567  4    12568 |
| 1    589  67 | 2      5679    4   | 3      59   568   |
'--------------'--------------------'-------------------'

