000728400102030070000100009680000000000009601000050008700400000006000390501000000
:0000:x:0007284+10102+930+8700001000096800000000000096010+10050008700400+100006+500390501000000:::
.--------------------.-------------------.-------------------.
| 39    3569   359   | 7     2     8     | 4     1     356   |
| 1     456    2     | 9     3     456   | 8     7     56    |
| 348   34567  34578 | 1     46    456   | 25    2356  9     |
:--------------------+-------------------+-------------------:
| 6     8      34579 | 23    147   12347 | 2579  2345  23457 |
| 234   23457  3457  | 238   478   9     | 6     2345  1     |
| 2349  1      3479  | 236   5     23467 | 279   234   8     |
:--------------------+-------------------+-------------------:
| 7     239    389   | 4     689   236   | 1     2568  256   |
| 248   24     6     | 5     178   127   | 3     9     247   |
| 5     2349   1     | 2368  6789  2367  | 27    2468  2467  |
'--------------------'-------------------'-------------------'

