300009742000500600000000010000000061109860000000003000001020030040005007500000028
:0000:x:3000097420005006+8000000001+5000000061109860000000003000001020+53+6040005+1+97500000+428:::
.-----------------------.---------------------.--------------.
| 3       1568   568    | 16     18     9     | 7     4   2  |
| 2479    1279   247    | 5      1347   1247  | 6     8   39 |
| 246789  26789  24678  | 23467  3478   24678 | 39    1   5  |
:-----------------------+---------------------+--------------:
| 2478    23578  234578 | 2479   4579   247   | 2389  6   1  |
| 1       2357   9      | 8      6      247   | 23    57  34 |
| 24678   25678  245678 | 12479  14579  3     | 289   57  49 |
:-----------------------+---------------------+--------------:
| 789     789    1      | 479    2      478   | 5     3   6  |
| 268     4      2368   | 36     38     5     | 1     9   7  |
| 5       3679   367    | 13679  1379   167   | 4     2   8  |
'-----------------------'---------------------'--------------'

