000003000000020860867010400003500201718300004004000000000004705500000000000000090
:0000:x:000003+5+1+7+1+3+5+42+786+9867+91+5400+6+935+4+82+7171830+20+54+2+540000000000047055000000+400000+50090:::
.----------------.-------------------.----------------.
| 49  24    29   | 68     68     3   | 5    1    7    |
| 1   3     5    | 4      2      7   | 8    6    9    |
| 8   6     7    | 9      1      5   | 4    23   23   |
:----------------+-------------------+----------------:
| 6   9     3    | 5      4      8   | 2    7    1    |
| 7   1     8    | 3      69     2   | 69   5    4    |
| 2   5     4    | 167    679    169 | 369  38   368  |
:----------------+-------------------+----------------:
| 39  28    1269 | 1268   3689   4   | 7    238  5    |
| 5   278   1269 | 12678  36789  169 | 136  4    2368 |
| 34  2478  126  | 12678  5      16  | 136  9    2368 |
'----------------'-------------------'----------------'

