010000406400602000008000200060504001000060500080907000206070980000000370300400000
:0000:x:010000406400602000008000200060504001000060500080907000206070980000000370300400000:::
.---------------------.--------------------.-------------------.
| 579   1      23579  | 378   3589   3589  | 4    359   6      |
| 4     3579   3579   | 6     13589  2     | 178  1359  35789  |
| 5679  3579   8      | 137   13459  1359  | 2    1359  3579   |
:---------------------+--------------------+-------------------:
| 79    6      2379   | 5     238    4     | 78   239   1      |
| 179   23479  123479 | 1238  6      138   | 5    2349  234789 |
| 15    8      12345  | 9     123    7     | 6    2346  234    |
:---------------------+--------------------+-------------------:
| 2     45     6      | 13    7      135   | 9    8     45     |
| 1589  459    1459   | 128   12589  15689 | 3    7     245    |
| 3     579    1579   | 4     12589  15689 | 16   1256  25     |
'---------------------'--------------------'-------------------'

