530000000270083000000590000001600050024000790050007100000078000000360017000000048
:0000:x:530000000270083000000590000001600050024000790050007100000078000000360017000000048:::
.---------------------.-----------------.---------------------.
| 5      3     689    | 1247  124  1246 | 24689  2678   12469 |
| 2      7     69     | 14    8    3    | 4569   6      14569 |
| 1468   1468  68     | 5     9    1246 | 23468  23678  12346 |
:---------------------+-----------------+---------------------:
| 3789   89    1      | 6     234  249  | 2348   5      234   |
| 368    2     4      | 18    135  15   | 7      9      36    |
| 3689   5     3689   | 2489  234  7    | 1      2368   2346  |
:---------------------+-----------------+---------------------:
| 13469  1469  23569  | 1249  7    8    | 23569  236    23569 |
| 489    489   2589   | 3     6    2459 | 259    1      7     |
| 13679  169   235679 | 129   125  1259 | 23569  4      8     |
'---------------------'-----------------'---------------------'

