....2...8...3.9.4..49...15..8...2..4....9....1..6...8..18...57..5.2.1...7...3....
:0000:x:+6.+1+42+5.+98+8.+53+19.4.+349+7+8+615+2+98.+1+52..4+5+6+4+89....1..6+4.+98+5+218+9+6+457+3+45.2+71+8.+97+9.+53+8+4..:::
.-------------.----------.--------------.
| 6  7    1   | 4  2  5  | 37   9    8  |
| 8  27   5   | 3  1  9  | 67   4    67 |
| 3  4    9   | 7  8  6  | 1    5    2  |
:-------------+----------+--------------:
| 9  8    37  | 1  5  2  | 367  36   4  |
| 5  6    4   | 8  9  37 | 237  123  17 |
| 1  237  237 | 6  4  37 | 9    8    5  |
:-------------+----------+--------------:
| 2  1    8   | 9  6  4  | 5    7    3  |
| 4  5    36  | 2  7  1  | 8    6    9  |
| 7  9    6   | 5  3  8  | 4    126  16 |
'-------------'----------'--------------'

