000000000240051930900400000000003070080070421000010005050094000028000600360002000
:0000:x:+800+3+6+90+4+2240+8519309+304+2+700+800+2+5+43+870+58+3+97+642100+4+21+8+305050+694+2+8+3+4280+3+560036+90+8200+4:::
.-------------.----------.--------------.
| 8   17  157 | 3   6  9 | 157  4    2  |
| 2   4   67  | 8   5  1 | 9    3    67 |
| 9   3   156 | 4   2  7 | 15   156  8  |
:-------------+----------+--------------:
| 16  19  2   | 5   4  3 | 8    7    69 |
| 5   8   3   | 9   7  6 | 4    2    1  |
| 67  79  4   | 2   1  8 | 3    69   5  |
:-------------+----------+--------------:
| 17  5   17  | 6   9  4 | 2    8    3  |
| 4   2   8   | 17  3  5 | 6    19   79 |
| 3   6   9   | 17  8  2 | 157  15   4  |
'-------------'----------'--------------'

