..........4....6.39...2...1.7.69..3...47315...1..82.6.1...6...73.2....4..........
:0000:x:+7+2..+4.+8+9+5+84....6+239+3..2.+4+71+27+869+5+13+4+6+947315+8+2+51+3+482+76+91+8+9.6+4.+573+52...+94+6+4+6+7.+5..+1+8:::
.----------.-------------.----------.
| 7  2  16 | 13   4   36 | 8   9  5 |
| 8  4  15 | 159  17  79 | 6   2  3 |
| 9  3  56 | 58   2   68 | 4   7  1 |
:----------+-------------+----------:
| 2  7  8  | 6    9   5  | 1   3  4 |
| 6  9  4  | 7    3   1  | 5   8  2 |
| 5  1  3  | 4    8   2  | 7   6  9 |
:----------+-------------+----------:
| 1  8  9  | 23   6   4  | 23  5  7 |
| 3  5  2  | 18   17  78 | 9   4  6 |
| 4  6  7  | 239  5   39 | 23  1  8 |
'----------'-------------'----------'

