..89..67.21.47............5.9.3...4....7.2....3...1.5.8............64.17.47..98..
:0000:x:+4+589+2+367+121+647+5.+8..+7.+1+8+6+4+25.9.3+5+8+74..+8.7.2+1..+73.+6.1.5+88+6...+7..+4.+2.+864.17.47..98..:::
.--------------.-----------.----------------.
| 4    5  8    | 9   2   3 | 6     7    1   |
| 2    1  6    | 4   7   5 | 39    8    39  |
| 39   7  39   | 1   8   6 | 4     2    5   |
:--------------+-----------+----------------:
| 16   9  12   | 3   5   8 | 7     4    26  |
| 56   8  45   | 7   49  2 | 1     369  369 |
| 7    3  24   | 6   49  1 | 29    5    8   |
:--------------+-----------+----------------:
| 8    6  1359 | 25  13  7 | 2359  39   4   |
| 359  2  359  | 8   6   4 | 359   1    7   |
| 135  4  7    | 25  13  9 | 8     36   236 |
'--------------'-----------'----------------'

