....4.9...8.9.56...9716......9..12..3.......7..86..1..8..794352.35216.899.2583...
:0000:x:....4.9...8.9.56...9716......9..12..3.......7..86..1..8..794352.35216.899.2583...:::
.------------------.----------------.-------------------.
| 1256  1256   136 | 38   4     278 | 9    1237   1358  |
| 124   8      134 | 9    237   5   | 6    12347  134   |
| 245   9      7   | 1    6     28  | 458  234    3458  |
:------------------+----------------+-------------------:
| 4567  4567   9   | 348  357   1   | 2    346    34568 |
| 3     12456  146 | 48   25    289 | 458  469    7     |
| 2457  2457   8   | 6    2357  279 | 1    349    345   |
:------------------+----------------+-------------------:
| 8     16     16  | 7    9     4   | 3    5      2     |
| 47    3      5   | 2    1     6   | 47   8      9     |
| 9     1467   2   | 5    8     3   | 47   1467   146   |
'------------------'----------------'-------------------'

