.9.5248..85.3.......7...........123...1.4.6...359...........5.......7.48..6485.9.
:0000:x:+19+35248..85.3+7+6+9....7..........+5123...1.4+36...359+6..........5..+5..+6.7.48..6485.9+2:::
.--------------------.--------------.------------------.
| 1      9      3    | 5    2    4  | 8    67    67    |
| 8      5      24   | 3    7    6  | 9    12    14    |
| 246    246    7    | 18   19   89 | 134  1256  13456 |
:--------------------+--------------+------------------:
| 4679   4678   489  | 78   5    1  | 2    3     479   |
| 279    278    1    | 278  4    3  | 6    578   579   |
| 247    3      5    | 9    6    28 | 147  178   147   |
:--------------------+--------------+------------------:
| 23479  12478  2489 | 12   139  29 | 5    167   1367  |
| 5      12     29   | 6    139  7  | 13   4     8     |
| 37     17     6    | 4    8    5  | 137  9     2     |
'--------------------'--------------'------------------'

