4.6.8....75.1..9..2...........7..1.5.9.214.3.3.1..8...........9..8..2.64....4.8.1
:0000:x:4+16.8.+2..75+31+2+69+4+82+8+9+4...+1.+6..7..1+85+89+5214.3.3+71..8+4+9+2+5..+8.+1+3.9+1+38..2.64+9...4.8.1:::
.-------------.----------------.---------------.
| 4  1    6   | 359  8    3579 | 2    57   37  |
| 7  5    3   | 1    2    6    | 9    4    8   |
| 2  8    9   | 4    357  357  | 567  1    367 |
:-------------+----------------+---------------:
| 6  24   24  | 7    39   39   | 1    8    5   |
| 8  9    5   | 2    1    4    | 67   3    67  |
| 3  7    1   | 56   56   8    | 4    9    2   |
:-------------+----------------+---------------:
| 5  246  247 | 8    67   1    | 3    27   9   |
| 1  3    8   | 59   579  2    | 57   6    4   |
| 9  26   27  | 356  4    357  | 8    257  1   |
'-------------'----------------'---------------'

