..........387.5.4.7.96..2.5.......94....3....54.......2.7..83.9.5.2.971..........
:0000:x:+4+2+5...+8..+6387+25+94+17+196+8+42+35..+3..+2+694...+43.+5..54....+1.+32+67+1+483+59+35+42+6971+8..+1...+4..:::
.--------------.--------------.------------.
| 4    2    5  | 39  19   13  | 8  67   67 |
| 6    3    8  | 7   2    5   | 9  4    1  |
| 7    1    9  | 6   8    4   | 2  3    5  |
:--------------+--------------+------------:
| 18   78   3  | 58  157  2   | 6  9    4  |
| 189  789  26 | 4   3    167 | 5  278  27 |
| 5    4    26 | 89  79   67  | 1  278  3  |
:--------------+--------------+------------:
| 2    6    7  | 1   4    8   | 3  5    9  |
| 3    5    4  | 2   6    9   | 7  1    8  |
| 89   89   1  | 35  57   37  | 4  26   26 |
'--------------'--------------'------------'

