.3.5...246..8.......43.7.9.38.........9...7.........32.2.6.51.......3..881...9.4.
:0000:x:+73+85+9+1+6246+9+18..+3+5+7+2+543+67+89+138+2....+1..+49.+3.7+8..+6+7..+8.32+42+36+851+7+9+9+7+5..3+2+6881+6..9+54+3:::
.----------.--------------.-----------.
| 7   3  8 | 5    9    1  | 6   2  4  |
| 6   9  1 | 8    24   24 | 3   5  7  |
| 2   5  4 | 3    6    7  | 8   9  1  |
:----------+--------------+-----------:
| 3   8  2 | 479  457  46 | 49  1  56 |
| 15  4  9 | 12   3    26 | 7   8  56 |
| 15  6  7 | 149  145  8  | 49  3  2  |
:----------+--------------+-----------:
| 4   2  3 | 6    8    5  | 1   7  9  |
| 9   7  5 | 14   14   3  | 2   6  8  |
| 8   1  6 | 27   27   9  | 5   4  3  |
'----------'--------------'-----------'

