000900004400000500760080000290000100071209005004710902100840000907025801002190000
:0000:x:000900004400000500760080000290000100071209005004710902100840000907025801002190000:312 512 812 716 322 822 726 334 543 344 644 448::
.-----------------.----------------.----------------------.
| 358   12    358 | 9   3567  1236 | 2367  123678   4     |
| 4     12    389 | 36  367   1236 | 5     1236789  36789 |
| 7     6     359 | 45  8     1234 | 23    1239     39    |
:-----------------+----------------+----------------------:
| 2     9     368 | 45  356   3468 | 1     3678     3678  |
| 368   7     1   | 2   36    9    | 346   3468     5     |
| 3568  358   4   | 7   1     368  | 9     368      2     |
:-----------------+----------------+----------------------:
| 1     35    356 | 8   4     367  | 2367  235679   3679  |
| 9     34    7   | 36  2     5    | 8     346      1     |
| 3568  3458  2   | 1   9     367  | 3467  34567    367   |
'-----------------'----------------'----------------------'

