507080490000000000082900701006105340000000000048309200601002570000000000029040103
:0000:x:5+1708+3490+9+600+10+80+50829+50701+7+961+2534+8+200+4+7+80+10+1483092+506+31+8+9257+40000+3+1000029+540103:688::
.------------.-----------.-------------.
| 5   1   7  | 26  8  3  | 4   9   26  |
| 9   6   34 | 27  1  47 | 8   23  5   |
| 34  8   2  | 9   5  46 | 7   36  1   |
:------------+-----------+-------------:
| 7   9   6  | 1   2  5  | 3   4   8   |
| 2   5   35 | 4   7  8  | 69  1   69  |
| 1   4   8  | 3   6  9  | 2   5   67  |
:------------+-----------+-------------:
| 6   3   1  | 8   9  2  | 5   7   4   |
| 48  57  45 | 67  3  1  | 69  28  269 |
| 8   2   9  | 5   4  67 | 1   68  3   |
'------------'-----------'-------------'

