5.7.8.49...........829..7.1..61.534...........483.92..6.1..257...........29.4.1.3
:0000:x:5+17.8+349.+9+6..+1.+8.+5.829+5.7.1.+961.534+8...+4.+8.+1.+1483.92+5.6+31+8+9257+4....+3+1....29+54.1.3:688::
.-------------.-------------.-------------.
| 5    1   7  | 26  8    3  | 4   9   26  |
| 9    6   34 | 27  1    47 | 8   23  5   |
| 34   8   2  | 9   5    46 | 7   36  1   |
:-------------+-------------+-------------:
| 27   9   6  | 1   27   5  | 3   4   8   |
| 237  57  35 | 4   267  8  | 69  1   679 |
| 1    4   8  | 3   67   9  | 2   5   67  |
:-------------+-------------+-------------:
| 6    3   1  | 8   9    2  | 5   7   4   |
| 478  57  45 | 67  3    1  | 69  28  269 |
| 78   2   9  | 5   4    67 | 1   68  3   |
'-------------'-------------'-------------'

