..3248...8.2...49..6.97.832.....9.78.87...9511..78....72...3.8..568..72...86275..
:0000:x:..3248...8.2...49..6.97.832.....9.78.87...9511..78....72...3.8..568..72...86275..:481::
.------------------.------------------.--------------.
| 59     179   3   | 2     4     8    | 16   16  567 |
| 8      17    2   | 135   1356  156  | 4    9   567 |
| 45     6     145 | 9     7     15   | 8    3   2   |
:------------------+------------------+--------------:
| 23456  34    45  | 1345  1356  9    | 236  7   8   |
| 2346   8     7   | 34    36    246  | 9    5   1   |
| 1      349   459 | 7     8     2456 | 236  46  346 |
:------------------+------------------+--------------:
| 7      2     149 | 145   159   3    | 16   8   469 |
| 39     5     6   | 8     19    14   | 7    2   349 |
| 349    1349  8   | 6     2     7    | 5    14  349 |
'------------------'------------------'--------------'

