...8.3.544....12.9...42.8..8..5......6..4..8......7..5..6.72...3.16....229.1.8...
:0000:x:..+28+93.544+5+8+7+612+39...42+58.+18..5+1+6..+7+76+5+24+9+18+3...+3+87..5+5+46+972+3+1+83+816+5+4..229+71+38+5+4+6:::
.-------------.---------.-------------.
| 16  17  2   | 8  9  3 | 67   5    4 |
| 4   5   8   | 7  6  1 | 2    3    9 |
| 69  37  39  | 4  2  5 | 8    67   1 |
:-------------+---------+-------------:
| 8   23  349 | 5  1  6 | 49   29   7 |
| 7   6   5   | 2  4  9 | 1    8    3 |
| 19  12  49  | 3  8  7 | 469  269  5 |
:-------------+---------+-------------:
| 5   4   6   | 9  7  2 | 3    1    8 |
| 3   8   1   | 6  5  4 | 79   79   2 |
| 2   9   7   | 1  3  8 | 5    4    6 |
'-------------'---------'-------------'

