900600300000018070000000005003009080000030600800200000008000200061007003700100090
:0000:x:9+1060030+80000180700+80000+1+650030090800+70+8306008002000+300+980002+1+70610070+5370010009+6:924::
.-------------------.------------------.----------------.
| 9      1     2457 | 6     2457  245  | 3     24  8    |
| 23456  2345  2456 | 345   1     8    | 49    7   249  |
| 234    8     247  | 3479  2479  234  | 1     6   5    |
:-------------------+------------------+----------------:
| 12456  245   3    | 457   4567  9    | 457   8   124  |
| 1245   7     2459 | 8     3     145  | 6     24  1249 |
| 8      45    4569 | 2     4567  1456 | 4579  3   149  |
:-------------------+------------------+----------------:
| 345    9     8    | 345   456   3456 | 2     1   7    |
| 24     6     1    | 49    2489  7    | 48    5   3    |
| 7      2345  245  | 1     2458  2345 | 48    9   6    |
'-------------------'------------------'----------------'

