000406002000007050208000007090200080805000703070008010600000509010800000900304000
:0000:x:0004+860020000+270502080000070902+700808050007030700080106+80+7+1+2509010800000900304000:111 311 313 321 323 423 429 629 332 532 337 338 343 443 146 655 458 658 363 463 665 467 667 381 481 283 783 297 697 298 699::
.---------------.-----------------.--------------------.
| 57   35   179 | 4    8     6    | 139     39     2   |
| 14   346  169 | 19   2     7    | 134689  5      18  |
| 2    46   8   | 159  359   1359 | 1469    469    7   |
:---------------+-----------------+--------------------:
| 134  9    16  | 2    7     35   | 46      8      456 |
| 8    246  5   | 169  49    19   | 7       29     3   |
| 34   7    26  | 569  3459  8    | 29      1      456 |
:---------------+-----------------+--------------------:
| 6    8    34  | 7    1     2    | 5       34     9   |
| 57   1    34  | 8    569   59   | 2346    23467  46  |
| 9    25   27  | 3    56    4    | 18      67     18  |
'---------------'-----------------'--------------------'

