100400500200100400300200100008003000010500030500010009006007000090000206400600070
:0000:x:100400500200100400300200100008003000010500030500010009+806007000+790000206400600070:642 742 645 745 945 248 448 648 249 449 749 953 755 759 859 662 668 868 372 375 975 978 379 385 188 395 897 199 399::
.-----------------.-------------------.-----------------.
| 1   678    79   | 4   36789   689   | 5    2689  2378 |
| 2   5678   579  | 1   356789  5689  | 4    689   378  |
| 3   45678  4579 | 2   56789   5689  | 1    689   78   |
:-----------------+-------------------+-----------------:
| 69  24     8    | 79  24      3     | 67   15    15   |
| 69  1      247  | 5   24689   24689 | 678  3     24   |
| 5   2347   2347 | 78  1       2468  | 678  24    9    |
:-----------------+-------------------+-----------------:
| 8   25     6    | 39  245     7     | 39   145   145  |
| 7   9      135  | 38  458     1458  | 2    458   6    |
| 4   235    1235 | 6   2589    12589 | 39   7     58   |
'-----------------'-------------------'-----------------'

