000000000000000002000001000001030040005607300030020008002060500650008904900400007
:0000:x:000000000000000002000001000001030040005607300030020008002060500650008904900400007:::
.--------------------------.-----------------------.-----------------------.
| 1234578  1246789  346789 | 235789  45789  234569 | 14678  1356789  13569 |
| 134578   146789   346789 | 35789   45789  34569  | 14678  1356789  2     |
| 234578   246789   346789 | 235789  45789  1      | 4678   356789   3569  |
:--------------------------+-----------------------+-----------------------:
| 278      26789    1      | 589     3      59     | 267    4        569   |
| 248      2489     5      | 6       1489   7      | 3      129      19    |
| 47       3        4679   | 159     2      459    | 167    15679    8     |
:--------------------------+-----------------------+-----------------------:
| 13478    1478     2      | 1379    6      39     | 5      138      13    |
| 6        5        37     | 1237    17     8      | 9      123      4     |
| 9        18       38     | 4       15     235    | 1268   12368    7     |
'--------------------------'-----------------------'-----------------------'

