000000000000000001000001002090060700400500060006030005600300200020090058705608030
:0000:x:+20+1000000000000001000001002090060700400500060006030005600300200020090058705608030:::
.---------------------.------------------------.----------------------.
| 2     345678  1     | 4789    4578   345679  | 345689  4789   34679 |
| 3589  345678  34789 | 24789   24578  2345679 | 345689  4789   1     |
| 3589  345678  34789 | 4789    4578   1       | 345689  4789   2     |
:---------------------+------------------------+----------------------:
| 1358  9       238   | 1248    6      24      | 7       1248   34    |
| 4     1378    2378  | 5       1278   279     | 1389    6      39    |
| 18    178     6     | 124789  3      2479    | 1489    12489  5     |
:---------------------+------------------------+----------------------:
| 6     148     489   | 3       1457   457     | 2       1479   479   |
| 13    2       34    | 147     9      47      | 146     5      8     |
| 7     14      5     | 6       124    8       | 149     3      49    |
'---------------------'------------------------'----------------------'

