000000000000000001000001002090060700400500060006030005600300200020090058705608030
:0000:x:00000+2000000000001000001002090060700400500060006030005600300200020090058705608030:::
.------------------------.----------------------.----------------------.
| 13589  1345678  134789 | 4789    4578  2      | 345689  4789   34679 |
| 23589  345678   234789 | 4789    4578  345679 | 345689  4789   1     |
| 3589   345678   34789  | 4789    4578  1      | 345689  4789   2     |
:------------------------+----------------------+----------------------:
| 12358  9        1238   | 1248    6     4      | 7       1248   34    |
| 4      1378     12378  | 5       1278  79     | 1389    6      39    |
| 128    178      6      | 124789  3     479    | 1489    12489  5     |
:------------------------+----------------------+----------------------:
| 6      148      1489   | 3       1457  457    | 2       1479   479   |
| 13     2        134    | 147     9     47     | 146     5      8     |
| 7      14       5      | 6       124   8      | 149     3      49    |
'------------------------'----------------------'----------------------'

