000891000080000003402030790600000070008302900030000001023010809900000020000925000
:0000:x:+300891+20008+9+2000+1340203079+86+90+10+8+37+2008302900+23000+90+810230108099000+8+3020+8009250+30:::
.-------------------.-----------------.-----------------.
| 3    567    567   | 8     9     1   | 2     456  456  |
| 57   8      9     | 2     4567  467 | 456   1    3    |
| 4    156    2     | 56    3     6   | 7     9    8    |
:-------------------+-----------------+-----------------:
| 6    9      45    | 1     45    8   | 3     7    2    |
| 157  1457   8     | 3     4567  2   | 9     456  456  |
| 2    3      457   | 4567  4567  9   | 456   8    1    |
:-------------------+-----------------+-----------------:
| 57   2      3     | 467   1     467 | 8     456  9    |
| 9    14567  14567 | 467   8     3   | 1456  2    4567 |
| 8    1467   1467  | 9     2     5   | 146   3    467  |
'-------------------'-----------------'-----------------'

