900400613320190700000000009000017008000000000700360000800000000009045086253001004
:0000:x:900400613320190700000000+809000017008000000000700360000800000000009045086253001004:::
.----------------------.------------------.-----------------------.
| 9     78      578    | 4     2578  28   | 6       1        3    |
| 3     2       4568   | 1     9     68   | 7       45       5    |
| 1456  1467    14567  | 2567  2357  236  | 8       245      9    |
:----------------------+------------------+-----------------------:
| 456   3469    2456   | 259   1     7    | 23459   234569   8    |
| 1456  134689  124568 | 2589  258   2489 | 123459  2345679  1257 |
| 7     1489    12458  | 3     6     2489 | 12459   2459     125  |
:----------------------+------------------+-----------------------:
| 8     1467    1467   | 2679  237   2369 | 12359   23579    1257 |
| 1     17      9      | 27    4     5    | 123     8        6    |
| 2     5       3      | 6789  78    1    | 9       79       4    |
'----------------------'------------------'-----------------------'

