001704605500080030000009000004807010000060000070301200000600000030090001807102400
:0000:x:001704605500080030000009000004807010000060000070301200000600000030090001807102400:::
.---------------------.-----------------.---------------------.
| 239    289    1     | 7     23    4   | 6      289    5     |
| 5      2469   269   | 2     8     6   | 179    3      2479  |
| 23467  2468   2368  | 25    1235  9   | 178    2478   2478  |
:---------------------+-----------------+---------------------:
| 2369   2569   4     | 8     25    7   | 359    1      369   |
| 1239   12589  23589 | 2459  6     5   | 35789  45789  34789 |
| 69     7      5689  | 3     45    1   | 2      45689  4689  |
:---------------------+-----------------+---------------------:
| 1249   12459  259   | 6     3457  358 | 35789  25789  23789 |
| 246    3      256   | 45    9     58  | 578    25678  1     |
| 8      569    7     | 1     35    2   | 4      569    369   |
'---------------------'-----------------'---------------------'

