982100070000006000360200004637009000000000000000800732500001043000300000070008269
:0000:x:982100070000006000360200004637009000000000000000800732500001043000300000070008269:::
.--------------------.----------------------.---------------------.
| 9     8      2     | 1     345      345   | 356     7      56   |
| 147   145    145   | 4579  345789   6     | 13589   12589  158  |
| 3     6      15    | 2     5789     57    | 1589    1589   4    |
:--------------------+----------------------+---------------------:
| 6     3      7     | 45    1245     9     | 1458    158    158  |
| 1248  12459  14589 | 4567  1234567  23457 | 145689  1589   1568 |
| 14    1459   1459  | 8     1456     45    | 7       3      2    |
:--------------------+----------------------+---------------------:
| 5     29     689   | 679   2679     1     | 8       4      3    |
| 1248  1249   14689 | 3     245679   2457  | 158     158    1578 |
| 14    7      134   | 45    45       8     | 2       6      9    |
'--------------------'----------------------'---------------------'

