010002000070510000090000054700490600009000700002058003560000030000087020000300070
:0000:x:010002000070510000090000054700490600009000700002058003560000030000087020000300070:::
.--------------------.-------------------.-------------------.
| 3468   1     34568 | 6789  3467  2     | 389    689  6789  |
| 23468  7     3468  | 5     1     3469  | 2389   689  2689  |
| 2368   9     368   | 678   367   36    | 1238   5    4     |
:--------------------+-------------------+-------------------:
| 7      358   1358  | 4     9     13    | 6      18   1258  |
| 13468  3458  9     | 126   236   136   | 7      148  1258  |
| 146    4     2     | 167   5     8     | 149    149  3     |
:--------------------+-------------------+-------------------:
| 5      6     1478  | 129   24    149   | 1489   3    189   |
| 1349   34    134   | 169   8     7     | 1459   2    1569  |
| 12489  248   148   | 3     246   14569 | 14589  7    15689 |
'--------------------'-------------------'-------------------'

