170000309000000600003091870000040008007169200300050000015480700006000000408000026
:0000:x:170000309000000600003091870000040008007169200300050000015480700006000000408000026:::
.-------------------.---------------------.--------------------.
| 1     7      24   | 2568   2     24568  | 3     45      9    |
| 2589  24589  249  | 23578  237   234578 | 6     145     1245 |
| 256   2456   3    | 256    9     1      | 8     7       245  |
:-------------------+---------------------+--------------------:
| 2569  2569   129  | 237    4     237    | 159   13569   8    |
| 58    458    7    | 1      6     9      | 2     345     345  |
| 3     24689  1249 | 278    5     278    | 149   1469    147  |
:-------------------+---------------------+--------------------:
| 29    1      5    | 4      8     236    | 7     39      3    |
| 279   239    6    | 23579  1237  2357   | 1459  134589  1345 |
| 4     39     8    | 3579   137   357    | 159   2       6    |
'-------------------'---------------------'--------------------'

