000000126070000000201000500006030450009804000000060000800570000504006810037000000
:0000:x:0000001260700000002010005+7000603045000980400000006000080+25700005+94+3+2681+7037000+20+5:498::
.------------------.----------------------.------------------.
| 349   458    358 | 479    4589   35789  | 1    2     6     |
| 3469  7      358 | 12469  14589  123589 | 39   3489  3489  |
| 2     468    1   | 469    489    389    | 5    7     3489  |
:------------------+----------------------+------------------:
| 17    128    6   | 1279   3      1279   | 4    5     1289  |
| 137   125    9   | 8      15     4      | 367  36    123   |
| 1347  12458  358 | 1279   6      12579  | 379  389   12389 |
:------------------+----------------------+------------------:
| 8     16     2   | 5      7      19     | 369  3469  349   |
| 5     9      4   | 3      2      6      | 8    1     7     |
| 16    3      7   | 149    1489   189    | 2    69    5     |
'------------------'----------------------'------------------'

