040008000060040038001200400200607500050020090003859002006002900930086020020790060
:0000:x:040008000060040038001200400200607500050020090003859002006002900930086020020790060:115 315 719 335 539 739 148 151 451 851 453 356 157 657 757 459 161 167 172 179 197 199::
.------------------.----------------.-------------------.
| 357    4    2579 | 1359  67  8    | 1267  157    1569 |
| 57     6    2579 | 159   4   15   | 127   3      8    |
| 3578   789  1    | 2     67  35   | 4     57     69   |
:------------------+----------------+-------------------:
| 2      189  489  | 6     13  7    | 5     48     134  |
| 67     5    78   | 134   2   14   | 38    9      1367 |
| 467    17   3    | 8     5   9    | 67    147    2    |
:------------------+----------------+-------------------:
| 14578  78   6    | 1345  13  2    | 9     14578  3457 |
| 9      3    457  | 145   8   6    | 17    2      1457 |
| 1458   2    458  | 7     9   1345 | 38    6      345  |
'------------------'----------------'-------------------'

