520310009030400200000006003076900000000000000000005640100700000007004080800053072
:0000:x:5203100+69+63+140+92+50+700+5+260+1307690000+500+5000000000005640100700+50+40+570+9408+6800053072:::
.------------------.-------------------.-----------------.
| 5     2     48   | 3     1      78   | 478    6    9   |
| 6     3     1    | 4     78     9    | 2      5    78  |
| 7     489   489  | 5     2      6    | 48     1    3   |
:------------------+-------------------+-----------------:
| 234   7     6    | 9     348    128  | 138    23   5   |
| 2349  1489  5    | 1268  34678  1278 | 13789  239  178 |
| 239   189   2389 | 128   378    5    | 6      4    178 |
:------------------+-------------------+-----------------:
| 1     69    239  | 7     68     28   | 5      39   4   |
| 23    5     7    | 12    9      4    | 13     8    6   |
| 8     469   49   | 16    5      3    | 19     7    2   |
'------------------'-------------------'-----------------'

