000007000004693010100000300000030084620000073480050000008000009050184600000900000
:0000:x:0000+170000+746930101000+2+830+7000+23+6084620+8+4007348+3+750000008+3000090501846+3+2000900000:::
.-------------------.------------.-------------------.
| 23589  369   2569 | 45  1   7  | 24589  24569  568 |
| 258    7     4    | 6   9   3  | 258    1      58  |
| 1      69    569  | 45  2   8  | 3      4569   7   |
:-------------------+------------+-------------------:
| 579    19    1579 | 2   3   6  | 159    8      4   |
| 6      2     159  | 8   4   19 | 159    7      3   |
| 4      8     3    | 7   5   19 | 129    269    16  |
:-------------------+------------+-------------------:
| 27     146   8    | 3   67  25 | 1457   45     9   |
| 79     5     79   | 1   8   4  | 6      3      2   |
| 237    1346  1267 | 9   67  25 | 14578  45     158 |
'-------------------'------------'-------------------'

