000000000080063004002000008005000000046002500000900031720005400000007093093200005
:0000:x:00+90+2000+708+7063+9+2400200+9008+905000+8+4+20460025+7+9+2+7+89+5+4+63172+1+3+954+8+600+4007+2930932+40+7+15:::
.----------------.---------------.-----------.
| 13456  1356  9 | 1458  2    18 | 13  56  7 |
| 15     8     7 | 15    6    3  | 9   2   4 |
| 13456  1356  2 | 1457  17   9  | 13  56  8 |
:----------------+---------------+-----------:
| 9      13    5 | 167   137  16 | 8   4   2 |
| 13     4     6 | 18    138  2  | 5   7   9 |
| 2      7     8 | 9     5    4  | 6   3   1 |
:----------------+---------------+-----------:
| 7      2     1 | 3     9    5  | 4   8   6 |
| 568    56    4 | 168   18   7  | 2   9   3 |
| 68     9     3 | 2     4    68 | 7   1   5 |
'----------------'---------------'-----------'

