5..6..29832...8.....87...532....9...94.....15...8....986...75.....2...61432..5..7
:0000:x:5..6..29832...8.....87...532+8...9...94....+815...8...+2986+1..75.+2...2...61432.+65.+87:::
.----------------.-------------------.---------------.
| 5    17   47   | 6     134    134  | 2     9    8  |
| 3    2    4679 | 1459  1459   8    | 1467  47   46 |
| 16   19   8    | 7     1249   124  | 146   5    3  |
:----------------+-------------------+---------------:
| 2    8    3567 | 1345  13457  9    | 3467  347  46 |
| 9    4    367  | 3     237    236  | 8     1    5  |
| 167  157  3567 | 8     13457  1346 | 3467  2    9  |
:----------------+-------------------+---------------:
| 8    6    1    | 349   349    7    | 5     34   2  |
| 7    579  579  | 2     3489   34   | 349   6    1  |
| 4    3    2    | 19    6      5    | 9     8    7  |
'----------------'-------------------'---------------'

