5..6..29832...8.....87...532....9...94.....15...8....986...75.....2...61432..5..7
:0000:x:5..6..29832...8+1+7...87...532+8..+19...94.+3..+815...8...+2986+1..75.+2+7..2+8..61432+1+65+9+87:::
.---------------.---------------.--------------.
| 5   17   47   | 6    34   134 | 2     9   8  |
| 3   2    469  | 459  459  8   | 1     7   46 |
| 16  19   8    | 7    249  124 | 46    5   3  |
:---------------+---------------+--------------:
| 2   8    3567 | 45   1    9   | 3467  34  46 |
| 9   4    67   | 3    27   26  | 8     1   5  |
| 16  157  3567 | 8    457  46  | 3467  2   9  |
:---------------+---------------+--------------:
| 8   6    1    | 49   349  7   | 5     34  2  |
| 7   59   59   | 2    8    34  | 34    6   1  |
| 4   3    2    | 1    6    5   | 9     8   7  |
'---------------'---------------'--------------'

