......4.9935.27...2.........8.6..9..67.1.3.54..9..4.3.........8...71.5427.4......
:0000:x:+8.+7+5+3.4+29935+427+6+8+12+4.+9..+3+7+5+48+36+5+29+1+767+21+93+854..9+8+74+23+6.+2.+3+4.+7.8+3.+871.5427.4+2..+1.+3:::
.-------------.-------------.----------.
| 8   16   7  | 5  3   16   | 4  2   9 |
| 9   3    5  | 4  2   7    | 6  8   1 |
| 2   4    16 | 9  68  168  | 3  7   5 |
:-------------+-------------+----------:
| 4   8    3  | 6  5   2    | 9  1   7 |
| 6   7    2  | 1  9   3    | 8  5   4 |
| 15  15   9  | 8  7   4    | 2  3   6 |
:-------------+-------------+----------:
| 15  2    16 | 3  4   569  | 7  69  8 |
| 3   69   8  | 7  1   69   | 5  4   2 |
| 7   569  4  | 2  68  5689 | 1  69  3 |
'-------------'-------------'----------'

