609130000000000010004000507400800079802000000000000060000003008200001903000429600
:0000:x:609130+4+8+20+2+8000+31+6004+2+6+85+974008+10+279802000+1+30000+30+2+860+9+4+1+6+53+7+28200+7+819+430+804296+5+1:::
.----------------.---------------.----------.
| 6    57    9   | 1   3    57   | 4  8  2  |
| 57   2     8   | 59  479  457  | 3  1  6  |
| 13   13    4   | 2   6    8    | 5  9  7  |
:----------------+---------------+----------:
| 4    356   356 | 8   1    56   | 2  7  9  |
| 8    5679  2   | 59  479  4567 | 1  3  45 |
| 157  1579  57  | 3   479  2    | 8  6  45 |
:----------------+---------------+----------:
| 9    4     1   | 6   5    3    | 7  2  8  |
| 2    56    56  | 7   8    1    | 9  4  3  |
| 37   8     37  | 4   2    9    | 6  5  1  |
'----------------'---------------'----------'

