500648019000000030000001400000006008076000920200500000009400000010000000460819007
:0000:x:500648+719+100+900+53+6+6+9+7+3+514+8+2+9+50006008+376+1+8+492+52005+90+60000940+50+6001+50+600+9+44608190+57:222 223 872::
.-------------.--------------.--------------.
| 5   23  23  | 6   4    8   | 7     1   9  |
| 1   48  48  | 9   27   27  | 5     3   6  |
| 6   9   7   | 3   5    1   | 4     8   2  |
:-------------+--------------+--------------:
| 9   5   14  | 27  237  6   | 13    47  8  |
| 3   7   6   | 1   8    4   | 9     2   5  |
| 2   48  148 | 5   9    37  | 6     47  13 |
:-------------+--------------+--------------:
| 78  23  9   | 4   237  5   | 1238  6   13 |
| 78  1   5   | 27  6    237 | 238   9   4  |
| 4   6   23  | 8   1    9   | 23    5   7  |
'-------------'--------------'--------------'

