.............1.....123.456...........35...78..81.2.35...........57...63..638.721.
:0000:x:.............1.....123.456...........35...78..81.2.35...........57...63..638.721.:::
.---------------------.-------------------------.---------------------.
| 3456789  479   4689 | 25679   56789    25689  | 1489  2479  1234789 |
| 3456789  479   4689 | 25679   1        25689  | 489   2479  234789  |
| 789      1     2    | 3       789      4      | 5     6     789     |
:---------------------+-------------------------+---------------------:
| 24679    2479  469  | 145679  3456789  135689 | 149   249   12469   |
| 2469     3     5    | 1469    469      169    | 7     8     12469   |
| 4679     8     1    | 4679    2        69     | 3     5     469     |
:---------------------+-------------------------+---------------------:
| 12489    249   489  | 124569  34569    123569 | 489   479   45789   |
| 12489    5     7    | 1249    49       129    | 6     3     489     |
| 49       6     3    | 8       459      7      | 2     1     459     |
'---------------------'-------------------------'---------------------'

