030800070048000100007450069000740951004000000700020000000010000025070003600000700
:0000:x:+53+68+9+1070+948+2+6+71+3+5+2+1745+3+869+30+274095100400000+77000200000+70010+500025070003600000700:::
.----------------.------------------.------------------.
| 5    3     6   | 8      9   1     | 24   7      24   |
| 9    4     8   | 2      6   7     | 1    3      5    |
| 2    1     7   | 4      5   3     | 8    6      9    |
:----------------+------------------+------------------:
| 3    68    2   | 7      4   68    | 9    5      1    |
| 18   5689  4   | 13569  38  5689  | 236  28     7    |
| 7    5689  19  | 13569  2   5689  | 346  48     468  |
:----------------+------------------+------------------:
| 48   7     39  | 369    1   24689 | 5    2489   2468 |
| 148  2     5   | 69     7   4689  | 46   1489   3    |
| 6    89    139 | 359    38  24589 | 7    12489  248  |
'----------------'------------------'------------------'

