016000000400260000000000059027400001060030070100006320530000000000045007000000840
:0000:x:016000+4+8+24+50260+7+1+3+20+30+1+4+659+3274000+61060+13+207+41+400+7632+853+40000+9+60000450+3700000084+5:714 916 876 981 883 983 884 991 993 794 796 996::
.-------------.--------------.----------.
| 79  1   6   | 359  59   37 | 4   8  2 |
| 4   5   89  | 2    6    89 | 7   1  3 |
| 2   78  3   | 78   1    4  | 6   5  9 |
:-------------+--------------+----------:
| 3   2   7   | 4    589  89 | 59  6  1 |
| 89  6   589 | 1    3    2  | 59  7  4 |
| 1   4   59  | 59   7    6  | 3   2  8 |
:-------------+--------------+----------:
| 5   3   4   | 78   28   17 | 12  9  6 |
| 68  89  12  | 69   4    5  | 12  3  7 |
| 67  79  12  | 369  29   13 | 8   4  5 |
'-------------'--------------'----------'

