000000800010805003007300601050621000000000004730000000000000000080050910062007000
:0000:x:000+1+608+700108+75003+8073006+51050621+7+3000+1+700+504730+500+1000+70000000080+25+691+7062007000:211 411 911 413 913 421 921 423 951 258 463 371 471 373 473 475 975 476 976 391 491 495 995::
.---------------.--------------.-----------------.
| 35   249  35  | 1   6    249 | 8    7     29   |
| 26   1    69  | 8   7    5   | 24   249   3    |
| 8    249  7   | 3   49   249 | 6    5     1    |
:---------------+--------------+-----------------:
| 49   5    489 | 6   2    1   | 7    3     89   |
| 26   29   1   | 7   389  389 | 5    689   4    |
| 7    3    689 | 5   489  489 | 1    2689  2689 |
:---------------+--------------+-----------------:
| 159  7    59  | 49  138  38  | 234  2468  2568 |
| 34   8    34  | 2   5    6   | 9    1     7    |
| 159  6    2   | 49  138  7   | 34   48    58   |
'---------------'--------------'-----------------'

