000107000000905000003080500090000070005206400100000008700000009006040300020000010
:0000:x:000107000000905000003080500090000070005206400100000008700000009006040300020000010:431 432 632 438 239 439 639 841 843 345 355 365 375 395::
.----------------------.-------------------.-----------------------.
| 245689  4568   2489  | 1      236   7    | 2689   234689  2346   |
| 2468    14678  12478 | 9      236   5    | 12678  23468   123467 |
| 269     17     3     | 46     8     24   | 5      269     17     |
:----------------------+-------------------+-----------------------:
| 2346    9      24    | 3458   15    1348 | 126    7       12356  |
| 38      378    5     | 2      179   6    | 4      39      13     |
| 1       3467   247   | 3457   579   349  | 269    23569   8      |
:----------------------+-------------------+-----------------------:
| 7       13458  148   | 3568   1256  1238 | 268    24568   9      |
| 589     158    6     | 578    4     1289 | 3      258     257    |
| 34589   2      489   | 35678  5679  389  | 678    1       4567   |
'----------------------'-------------------'-----------------------'

