090008001300010708002007069706000083900000000003020000000000000000005020080030615
:0000:x:09+70+68+2+313+60010708+8+12+3070697+2600+108390+8+6+7+3+10+2+103+8200+7+600000+60+90+600005020080+730615:424 524 426 547 471 472 572 473 474 477 482 487::
.-------------.---------------.-------------.
| 45  9   7   | 45   6    8   | 2    3   1  |
| 3   6   45  | 29   1    29  | 7    45  8  |
| 8   1   2   | 3    45   7   | 45   6   9  |
:-------------+---------------+-------------:
| 7   2   6   | 459  459  1   | 49   8   3  |
| 9   45  8   | 6    7    3   | 1    45  2  |
| 1   45  3   | 8    2    49  | 459  7   6  |
:-------------+---------------+-------------:
| 25  37  15  | 12   48   6   | 38   9   47 |
| 6   37  149 | 149  489  5   | 38   2   47 |
| 24  8   49  | 7    3    249 | 6    1   5  |
'-------------'---------------'-------------'

