000003400600095800380006009890007605000050007000000000000000200570081030000600004
:0000:x:+9+5+7+8034+60600+79580+3380006+7+5989+300760500+6050007+70+50+600000+60+5+302+70570081+93+60+306+70+504:122 433 148 151 154 254 454 956 158 164 264 464 966 168 169 173 473 193 293::
.--------------.---------------.--------------.
| 9   5    7   | 8    12   3   | 4   6     12 |
| 6   24   124 | 7    9    5   | 8   12    3  |
| 3   8    12  | 124  124  6   | 7   5     9  |
:--------------+---------------+--------------:
| 8   9    3   | 124  124  7   | 6   24    5  |
| 24  124  6   | 39   5    248 | 13  2489  7  |
| 7   124  5   | 39   6    248 | 13  2489  28 |
:--------------+---------------+--------------:
| 14  6    89  | 5    3    49  | 2   7     18 |
| 5   7    24  | 24   8    1   | 9   3     6  |
| 12  3    89  | 6    7    29  | 5   18    4  |
'--------------'---------------'--------------'

