000207000018000005400000000080004102700000050000530000000060070045900020070012090
:0000:x:0+5+92+870+10+2180+4+9+70540+70+50+2+8+9+580+7+9410270+40+200500005300+4+700006+50700459+70020070012+590:663 166 373::
.---------------.-------------.----------------.
| 36    5    9  | 2    8  7   | 346   1   346  |
| 2     1    8  | 36   4  9   | 7     36  5    |
| 4     36   7  | 136  5  136 | 2     8   9    |
:---------------+-------------+----------------:
| 5     8    36 | 7    9  4   | 1     36  2    |
| 7     369  4  | 168  2  168 | 3689  5   368  |
| 169   269  12 | 5    3  68  | 689   4   7    |
:---------------+-------------+----------------:
| 1389  239  12 | 348  6  5   | 348   7   1348 |
| 1368  4    5  | 9    7  38  | 368   2   1368 |
| 368   7    36 | 348  1  2   | 5     9   3468 |
'---------------'-------------'----------------'

