700020000001009060080400200006000050900000001030000700002006090040700800000030006
:0000:x:7+60+120+90000100906008+94+602+100+16+90005090+7000+601030+6+1070+90+72006090+6407+9+18000+900300+76:::
.---------------.------------------.-------------------.
| 7     6   345 | 1     2    358   | 9     348   3458  |
| 2345  25  1   | 358   578  9     | 345   6     34578 |
| 35    8   9   | 4     6    357   | 2     1     357   |
:---------------+------------------+-------------------:
| 248   1   6   | 9     478  23478 | 34    5     2348  |
| 9     25  7   | 2358  458  23458 | 6     2348  1     |
| 2458  3   458 | 6     1    2458  | 7     248   9     |
:---------------+------------------+-------------------:
| 1358  7   2   | 58    458  6     | 1345  9     345   |
| 6     4   35  | 7     9    1     | 8     23    235   |
| 158   9   58  | 258   3    2458  | 145   7     6     |
'---------------'------------------'-------------------'

