300000000008620013000000045000000070507830000201070080060009000000710860000003900
:0000:x:3+20+10+7+6+9+8008620+71300+6+3+9+8+245+6+800000705078300+202010700800600+890+30000710860+8000+639+50:422 443 546 147 447 566 467 471 482 283 483 583 492 299 499::
.--------------.---------------.-------------.
| 3   2    45  | 1     45  7   | 6   9  8    |
| 49  59   8   | 6     2   45  | 7   1  3    |
| 17  17   6   | 3     9   8   | 2   4  5    |
:--------------+---------------+-------------:
| 6   8    39  | 2459  45  124 | 35  7  149  |
| 5   49   7   | 8     3   146 | 14  2  1469 |
| 2   349  1   | 459   7   46  | 35  8  469  |
:--------------+---------------+-------------:
| 17  6    245 | 245   8   9   | 14  3  1247 |
| 49  359  39  | 7     1   245 | 8   6  24   |
| 8   17   24  | 24    6   3   | 9   5  17   |
'--------------'---------------'-------------'

