602009040000000090040850600000385700308600000006000000501900002000010000700203400
:0000:x:602009040+80+500+609+7+94+78506000+9+43857003086000000060000005+61900002+4+2+3+5100007+8+92+63400:117 317 119 319 327 152 162::
.-----------.-----------------.-----------------------.
| 6   13  2 | 17   37    9    | 58      4      58     |
| 8   13  5 | 14   234   6    | 12      9      7      |
| 9   4   7 | 8    5     12   | 6       123    13     |
:-----------+-----------------+-----------------------:
| 12  9   4 | 3    8     5    | 7       126    16     |
| 3   57  8 | 6    2479  1247 | 1259    125    1459   |
| 12  57  6 | 147  2479  1247 | 123589  12358  134589 |
:-----------+-----------------+-----------------------:
| 5   6   1 | 9    47    478  | 38      378    2      |
| 4   2   3 | 5    1     78   | 89      678    689    |
| 7   8   9 | 2    6     3    | 4       15     15     |
'-----------'-----------------'-----------------------'

