045006080100040060000000900703908000000000000080001500070600021008004000000090840
:0000:x:045006080100040060000000900703908000000000000080001500070600021008004000000090840:::
.----------------------.-----------------------.-----------------------.
| 239    4       5     | 1237    1237    6     | 1237    8     237     |
| 1      239     279   | 23578   4       23579 | 237     6     2357    |
| 2368   236     267   | 123578  123578  2357  | 9       1357  23457   |
:----------------------+-----------------------+-----------------------:
| 7      1256    3     | 9       256     8     | 1246    1     246     |
| 24569  12569   12469 | 23457   23567   2357  | 123467  1379  2346789 |
| 2469   8       2469  | 2347    2367    1     | 5       379   234679  |
:----------------------+-----------------------+-----------------------:
| 3459   7       49    | 6       358     35    | 3       2     1       |
| 23569  123569  8     | 12357   12357   4     | 367     3579  35679   |
| 2356   12356   126   | 12357   9       2357  | 8       4     3567    |
'----------------------'-----------------------'-----------------------'

