9.......2.3.9......54.18....49.7.3.51.......96.5.9.74....13.59......2.6.3.......4
:0000:x:9.......2.3.9......54.18+9..+849.7.3.51+7+3...+6.96+25.9.74.+4.+213.59.+5+9...2.6+33....+9+2.4:::
.---------------.--------------------.------------------.
| 9   168  1678 | 34567  456   34567 | 148  13578  2    |
| 27  3    1678 | 9      2456  4567  | 148  1578   1678 |
| 27  5    4    | 2367   1     8     | 9    37     67   |
:---------------+--------------------+------------------:
| 8   4    9    | 26     7     16    | 3    12     5    |
| 1   7    3    | 2458   2458  45    | 6    28     9    |
| 6   2    5    | 38     9     13    | 7    4      18   |
:---------------+--------------------+------------------:
| 4   68   2    | 1      3     67    | 5    9      78   |
| 5   9    178  | 478    48    2     | 18   6      3    |
| 3   168  1678 | 5678   568   9     | 2    178    4    |
'---------------'--------------------'------------------'

