...8..4..2.3.6..5..7..5..6..924.....7..526..3.....928..2..9..7..3..4.6.1..1..5...
:0000:x:...8..4..2.3.6..5..7..5..6..924+8..+1.7+1+8526+9+43.....928..2..9..7.+53+7+24+86+91+9.1..5...:::
.---------------.----------------.--------------.
| 16   56   569 | 8    137  1237 | 4    23  279 |
| 2    48   3   | 179  6    147  | 178  5   789 |
| 148  7    49  | 139  5    1234 | 138  6   289 |
:---------------+----------------+--------------:
| 36   9    2   | 4    8    37   | 57   1   567 |
| 7    1    8   | 5    2    6    | 9    4   3   |
| 346  456  456 | 137  137  9    | 2    8   567 |
:---------------+----------------+--------------:
| 468  2    46  | 136  9    13   | 358  7   458 |
| 5    3    7   | 2    4    8    | 6    9   1   |
| 9    468  1   | 367  37   5    | 38   23  248 |
'---------------'----------------'--------------'

