..93...8.473..........4...9...73..54.3..9..6.15..62...6...7..........875.8...49..
:0000:x:..93..+48+7473.+8........4+7.+39.+9+673..54+73..9..6+815..62+7+9+36.+5.7.+3+4.+9+4.+6.+3875+38+7..49.+6:124 224 126 127 227 137 237::
.---------------.----------------.------------.
| 25   126  9   | 3     125  156 | 4   8   7  |
| 4    7    3   | 59    8    569 | 56  12  12 |
| 258  126  128 | 125   4    7   | 56  3   9  |
:---------------+----------------+------------:
| 28   9    6   | 7     3    18  | 12  5   4  |
| 7    3    24  | 145   9    15  | 12  6   8  |
| 1    5    48  | 48    6    2   | 7   9   3  |
:---------------+----------------+------------:
| 6    12   5   | 1289  7    189 | 3   4   12 |
| 9    4    12  | 6     12   3   | 8   7   5  |
| 3    8    7   | 125   125  4   | 9   12  6  |
'---------------'----------------'------------'

