600021900012008000000000000090064130240000000000000000009506840300047200005010007
:0000:x:6000219000120080000000000+1+209+7+264130240+100000+1000000+20+7+295+3684+130+1047200+40501+2+307:812 813 924 832 934 662 862 864 964::
.---------------.-----------------.--------------------.
| 6    357  34  | 347   2     1   | 9     578    3458  |
| 59   1    2   | 3467  579   8   | 4567  567    3456  |
| 589  357  348 | 3467  579   359 | 4567  1      2     |
:---------------+-----------------+--------------------:
| 58   9    7   | 2     6     4   | 1     3      58    |
| 2    4    368 | 1     5789  359 | 567   56789  5689  |
| 1    35   368 | 37    5789  359 | 4567  2      45689 |
:---------------+-----------------+--------------------:
| 7    2    9   | 5     3     6   | 8     4      1     |
| 3    68   1   | 89    4     7   | 2     569    569   |
| 4    68   5   | 89    1     2   | 3     69     7     |
'---------------'-----------------'--------------------'

