.8.6.........9..1.9..2.5....16.37.9...8...7...3.92.16....8.2..5.7..1.........3.4.
:0000:x:.8.6+7+1..+9...+39+4.1.9.+12+85.+3+7.16.37.9..+98+1.+67.+3.3.92+816+4+1..8.2.+75.7..1+9.+8.+8..+7.3.4+1:::
.------------------.-----------.---------------.
| 2345   8    2345 | 6   7   1 | 245   25  9   |
| 2567   256  257  | 3   9   4 | 2568  1   268 |
| 9      46   1    | 2   8   5 | 46    3   7   |
:------------------+-----------+---------------:
| 245    1    6    | 45  3   7 | 258   9   28  |
| 245    9    8    | 1   45  6 | 7     25  3   |
| 57     3    57   | 9   2   8 | 1     6   4   |
:------------------+-----------+---------------:
| 1      46   349  | 8   46  2 | 369   7   5   |
| 23456  7    2345 | 45  1   9 | 236   8   26  |
| 8      256  259  | 7   56  3 | 269   4   1   |
'------------------'-----------'---------------'

