...4.6...2.......41......36.463..5....184......7.2..1...5.3..41............5.732.
:0000:x:..+34+16+2..2+6...+3+1.41.+4....36.463+7+15.+2.+2184......7+62.+41...5.3..41..+2+1.+4...+4+1.5+6732.:::
.-----------------.----------------.-------------------.
| 5789   5789  3  | 4    1    6    | 2     5789   5789 |
| 2      6     89 | 79   589  3    | 1     5789   4    |
| 1      5789  4  | 279  589  2589 | 789   3      6    |
:-----------------+----------------+-------------------:
| 89     4     6  | 3    7    1    | 5     89     2    |
| 359    2     1  | 8    4    59   | 679   679    379  |
| 3589   3589  7  | 6    2    59   | 4     1      389  |
:-----------------+----------------+-------------------:
| 6789   789   5  | 29   3    289  | 6789  4      1    |
| 36789  3789  2  | 1    89   4    | 6789  56789  5789 |
| 4      1     89 | 5    6    7    | 3     2      89   |
'-----------------'----------------'-------------------'

