.....38.7..728.....2.4...5.94......8.16...49.3......62.8...1.3.....289..4.37.....
:0000:x:..+4..38+27.+3728.....2.4...5.94......8.16...49.3....+4.62.8..+41.3....+3289..4.37..+2+8+1:::
.----------------.-------------------.---------------.
| 156   569  4   | 1569  1569   3    | 8     2   7   |
| 156   3    7   | 2     8      569  | 16    14  469 |
| 168   2    189 | 4     1679   679  | 136   5   369 |
:----------------+-------------------+---------------:
| 9     4    25  | 156   13567  2567 | 1357  17  8   |
| 2578  1    6   | 58    357    257  | 4     9   35  |
| 3     57   58  | 1589  1579   4    | 157   6   2   |
:----------------+-------------------+---------------:
| 2567  8    259 | 569   4      1    | 567   3   56  |
| 1567  567  15  | 3     2      8    | 9     47  456 |
| 4     569  3   | 7     569    569  | 2     8   1   |
'----------------'-------------------'---------------'

