400000080005804100600500900090000000087916540000000070004007008009402700050000006
:0000:x:40000008+5+9058041+6+760+850+190+4090+7+400000879165400+4000007+9004007008+809402700+750000+406:312 213 315 141 143 247 347 248 261 263 565 267 367 272 372 375 675 178 278 378 398::
.---------------.----------------.--------------.
| 4    127  13  | 236  2679  39  | 23  8    5   |
| 9    23   5   | 8    23    4   | 1   6    7   |
| 6    237  8   | 5    237   1   | 9   23   4   |
:---------------+----------------+--------------:
| 235  9    236 | 7    4     358 | 68  13   123 |
| 23   8    7   | 9    1     6   | 5   4    23  |
| 135  4    136 | 23   238   358 | 68  7    9   |
:---------------+----------------+--------------:
| 123  16   4   | 136  59    7   | 23  59   8   |
| 8    136  9   | 4    356   2   | 7   135  13  |
| 7    5    123 | 13   389   389 | 4   129  6   |
'---------------'----------------'--------------'

