001680040080000006026070851648030000009768400000040638590807060800006070060093280
:0000:x:001680040080000006026070851648030000009768400000040638590807060800006070060093280:424 524 526 434 944 946 147 549 562 263 566 584 589::
.-----------------.-----------------.-----------------.
| 379   357  1    | 6     8    259  | 379   4    2379 |
| 3479  8    3457 | 1239  125  1249 | 379   29   6    |
| 349   2    6    | 39    7    49   | 8     5    1    |
:-----------------+-----------------+-----------------:
| 6     4    8    | 125   3    125  | 579   129  279  |
| 123   135  9    | 7     6    8    | 4     12   25   |
| 127   17   57   | 1259  4    129  | 6     3    8    |
:-----------------+-----------------+-----------------:
| 5     9    234  | 8     12   7    | 13    6    34   |
| 8     13   234  | 124   125  6    | 1359  7    349  |
| 147   6    47   | 145   9    3    | 2     8    45   |
'-----------------'-----------------'-----------------'

