000370569509820137007900000408609001076000900900207608092703006700060090600090000
:0000:x:000370569509820137007900000408609001076000900900207608092703006700060090600090000:111 112 412 231 831 232 432 832 435 436 456 486 496 498::
.------------------.------------------.--------------------.
| 28   28     14   | 3    7      14   | 5      6      9    |
| 5    46     9    | 8    2      46   | 1      3      7    |
| 13   136    7    | 9    15     156  | 248    248    24   |
:------------------+------------------+--------------------:
| 4    235    8    | 6    35     9    | 237    257    1    |
| 123  7      6    | 145  13458  158  | 9      245    2345 |
| 9    135    135  | 2    1345   7    | 6      45     8    |
:------------------+------------------+--------------------:
| 18   9      2    | 7    1458   3    | 48     1458   6    |
| 7    13458  1345 | 145  6      1258 | 2348   9      2345 |
| 6    13458  1345 | 145  9      1258 | 23478  12578  2345 |
'------------------'------------------'--------------------'

