006700091009000062300000000000030004007200010400001000031008075000900000065000030
:0000:x:006700+391009+3000623000000+4000003000400720001+340+300100003100807500+49+5+3+10+6065000030:941 547 951 557 567 475 791 495 496::
.------------------.-------------------.-----------------.
| 258    2458   6  | 7     248    245  | 3      9    1   |
| 1578   14578  9  | 3     148    45   | 578    6    2   |
| 3      12578  28 | 1568  12689  2569 | 578    4    78  |
:------------------+-------------------+-----------------:
| 12568  12589  28 | 568   3      5679 | 26789  258  4   |
| 568    589    7  | 2     4689   4569 | 689    1    3   |
| 4      2589   3  | 568   6789   1    | 26789  258  789 |
:------------------+-------------------+-----------------:
| 29     3      1  | 46    26     8    | 249    7    5   |
| 278    278    4  | 9     5      3    | 1      28   6   |
| 289    6      5  | 14    127    27   | 2489   3    89  |
'------------------'-------------------'-----------------'

