100000034500302078000800000000605003005000400300000602980206010000000000000780900
:0000:x:10+8+500+234500302+178000800+5+6+9+800605+7+93005+9004+8+130000+86+52980206+310000000+800000780900:::
.-----------------------.-----------------.------------.
| 1     679      8      | 5   679    79   | 2  3   4   |
| 5     469      469    | 3   469    2    | 1  7   8   |
| 247   2347     2347   | 8   147    147  | 5  6   9   |
:-----------------------+-----------------+------------:
| 8     124      124    | 6   124    5    | 7  9   3   |
| 267   267      5      | 9   237    37   | 4  8   1   |
| 3     1479     1479   | 14  147    8    | 6  5   2   |
:-----------------------+-----------------+------------:
| 9     8        47     | 2   45     6    | 3  1   57  |
| 2467  1234567  123467 | 14  13459  1349 | 8  24  567 |
| 246   123456   12346  | 7   8      134  | 9  24  56  |
'-----------------------'-----------------'------------'

