000000003000064580540008900050072000001600002000050009090100248400000000008005000
:0000:x:000+500+40300+9064580540008900050+97200+4+9016+4+30+5200+4+85+100909+51+302484000+8000+5008+405000:::
.--------------------.---------------.------------------.
| 12678  12678  267  | 5    129  79  | 4     1267   3   |
| 1237   1237   9    | 237  6    4   | 5     8      17  |
| 5      4      2367 | 237  12   8   | 9     1267   167 |
:--------------------+---------------+------------------:
| 368    5      36   | 9    7    2   | 1368  136    4   |
| 9      78     1    | 6    4    3   | 78    5      2   |
| 2367   2367   4    | 8    5    1   | 367   367    9   |
:--------------------+---------------+------------------:
| 67     9      5    | 1    3    67  | 2     4      8   |
| 4      12367  2367 | 27   8    679 | 1367  13679  5   |
| 12367  12367  8    | 4    29   5   | 1367  13679  167 |
'--------------------'---------------'------------------'

