000000004500302070000000000800605090000000400000000000900206010000000000000000000
:0000:x:000000004500302070000000000800605090000000400000000000900206010000000000000000000:::
.----------------------------.-------------------------.--------------------------.
| 12367   1236789   1236789  | 15789   156789   1789   | 1235689  23568   4       |
| 5       14689     14689    | 3       14689    2      | 1689     7       1689    |
| 123467  12346789  12346789 | 145789  1456789  14789  | 1235689  23568   1235689 |
:----------------------------+-------------------------+--------------------------:
| 8       12347     12347    | 6       12347    5      | 1237     9       1237    |
| 12367   1235679   1235679  | 1789    123789   13789  | 4        23568   1235678 |
| 123467  12345679  12345679 | 14789   1234789  134789 | 1235678  23568   1235678 |
:----------------------------+-------------------------+--------------------------:
| 9       34578     34578    | 2       34578    6      | 3578     1       3578    |
| 123467  12345678  12345678 | 145789  1345789  134789 | 2356789  234568  2356789 |
| 123467  12345678  12345678 | 145789  1345789  134789 | 2356789  234568  2356789 |
'----------------------------'-------------------------'--------------------------'

