000700300400030009005006000008300500500004010700090002007060000050800100680001040
:0000:x:00070030040003000900500600000830+7500500+6040107000900+32007+46000005+48+701006800+51040:215 622 727 931 235 737 837 739::
.-------------------.----------------.-------------------.
| 1289  1269   1269 | 7    148  2589 | 3    2568   14568 |
| 4     127    126  | 125  3    258  | 268  25678  9     |
| 1238  12379  5    | 129  148  6    | 24   278    148   |
:-------------------+----------------+-------------------:
| 129   12469  8    | 3    12   7    | 5    69     46    |
| 5     239    239  | 6    28   4    | 789  1      78    |
| 7     146    16   | 15   9    58   | 468  3      2     |
:-------------------+----------------+-------------------:
| 1239  1239   7    | 4    6    239  | 289  2589   358   |
| 239   5      4    | 8    7    239  | 1    269    36    |
| 6     8      239  | 29   5    1    | 279  4      37    |
'-------------------'----------------'-------------------'

