020800006000020180600004000050009400001070003000500070306900004040008090000000700
:0000:x:0208000+460000201806000040000500094000010700030005000703+76900+804040+708090000000700:135 335 841 843 861 862 863 185 585 287 587 191 198 298 598 199::
.-------------------.---------------------.-----------------.
| 1579  2     3579  | 8      1359   1357  | 359   4    6    |
| 4579  39    34579 | 36     2      3567  | 1     8    579  |
| 6     1389  35789 | 13     59     4     | 2359  235  2579 |
:-------------------+---------------------+-----------------:
| 27    5     237   | 1236   1368   9     | 4     126  128  |
| 2489  689   1     | 246    7      26    | 2569  256  3    |
| 249   369   2349  | 5      13468  1236  | 269   7    1289 |
:-------------------+---------------------+-----------------:
| 3     7     6     | 9      15     125   | 8     125  4    |
| 125   4     25    | 7      36     8     | 36    9    125  |
| 2589  189   2589  | 12346  13456  12356 | 7     36   25   |
'-------------------'---------------------'-----------------'

