600700400040010006008009010700090600000003050000200007400000500105007002060020090
:0000:x:6007004000400100060+780090107000906000000+73050000200007400000500105007002060020090:512 334 534 335 535 561 388 888::
.--------------------.--------------------.-------------------.
| 6     1239   1239  | 7      358   258   | 4      238   3589 |
| 2359  4      239   | 358    1     258   | 23789  2378  6    |
| 235   7      8     | 46     46    9     | 23     1     35   |
:--------------------+--------------------+-------------------:
| 7     12358  1234  | 1458   9     1458  | 6      2348  1348 |
| 289   1289   12469 | 1468   7     3     | 1289   5     1489 |
| 389   13589  13469 | 2      4568  14568 | 1389   348   7    |
:--------------------+--------------------+-------------------:
| 4     2389   2379  | 13689  368   168   | 5      3678  138  |
| 1     389    5     | 34689  3468  7     | 38     46    2    |
| 38    6      37    | 13458  2     1458  | 1378   9     1348 |
'--------------------'--------------------'-------------------'

