000070004600000000713459286007002050200000008090300400125784369000000045400090000
:0000:x:000070004600000000713459286007002050200000008090300400125784369000000045400090000:125 144 644 154 654 156 656 166 666 185 685 294::
.-----------------.-----------------.-----------------.
| 589  58    289  | 1268  7    1368 | 159   139   4   |
| 6    458   2489 | 128   23   138  | 1579  1379  137 |
| 7    1     3    | 4     5    9    | 2     8     6   |
:-----------------+-----------------+-----------------:
| 38   3468  7    | 89    146  2    | 169   5     13  |
| 2    3456  146  | 59    146  57   | 1679  1379  8   |
| 58   9     168  | 3     16   578  | 4     127   127 |
:-----------------+-----------------+-----------------:
| 1    2     5    | 7     8    4    | 3     6     9   |
| 389  3678  689  | 126   23   136  | 178   4     5   |
| 4    3678  68   | 156   9    1356 | 178   127   127 |
'-----------------'-----------------'-----------------'

