045006080100040060000000900703908000000000000080001500070600021008004000000090840
:0000:x:+945006+1801+30+84+906+5+800+5+1090+4703908+4+100+9+1+40000+808+40015+90+47+96+8+5+3210080040+5+9000090840:::
.-----------------.------------------.---------------.
| 9     4     5   | 237   237    6   | 1    8   237  |
| 1     3     27  | 8     4      9   | 27   6   5    |
| 8     26    267 | 5     1      237 | 9    37  4    |
:-----------------+------------------+---------------:
| 7     256   3   | 9     256    8   | 4    1   26   |
| 256   9     1   | 4     23567  237 | 267  37  8    |
| 26    8     4   | 237   2367   1   | 5    9   2367 |
:-----------------+------------------+---------------:
| 4     7     9   | 6     8      5   | 3    2   1    |
| 236   126   8   | 1237  237    4   | 67   5   9    |
| 2356  1256  26  | 1237  9      237 | 8    4   67   |
'-----------------'------------------'---------------'

