000070030034800006000001900005000093090000040670000200008400000300009750060010000
:0000:x:0000700300348+90006000+30190000500009309000004+7670+9002000084000+60300009750060010000:113 213 216 233 235 535 644 445 446 654 157 366 566 169 376 293 296 796::
.------------------.-------------------.------------------.
| 12589  1258  69  | 256  7      456   | 1458  3    12458 |
| 1257   3     4   | 8    9      25    | 15    127  6     |
| 2578   258   67  | 3    46     1     | 9     278  2458  |
:------------------+-------------------+------------------:
| 1248   1248  5   | 127  268    2678  | 168   9    3     |
| 128    9     123 | 125  23568  23568 | 568   4    7     |
| 6      7     13  | 9    3458   48    | 2     18   58    |
:------------------+-------------------+------------------:
| 12579  125   8   | 4    235    257   | 13    6    129   |
| 3      124   12  | 26   268    9     | 7     5    1248  |
| 24579  6     79  | 257  1      358   | 348   28   2489  |
'------------------'-------------------'------------------'

