865129473001700200027040100008301004603000010014000300739810040106037809082090731
:0000:x:865129473001700200027040100008301004603000010014000300739810040106037809082090731:541 948 554 556 856 559 564 664 266 268 568 968 569 669 869 676::
.-------------.-----------------.----------------.
| 8    6    5 | 1    2     9    | 4    7     3   |
| 349  49   1 | 7    568   3568 | 2    5689  568 |
| 39   2    7 | 56   4     3568 | 1    5689  568 |
:-------------+-----------------+----------------:
| 29   579  8 | 3    567   1    | 569  256   4   |
| 6    579  3 | 249  578   24   | 59   1     278 |
| 259  1    4 | 29   5678  568  | 3    68    27  |
:-------------+-----------------+----------------:
| 7    3    9 | 8    1     25   | 56   4     256 |
| 1    45   6 | 245  3     7    | 8    25    9   |
| 45   8    2 | 456  9     456  | 7    3     1   |
'-------------'-----------------'----------------'

