014090300700600004800000020090062400000050000001400060070000009100906008902070650
:0000:x:014090300700600004800000020090062400000050000001400060070000009100906008902070650:714 814 251 351 352 257 267 571 573::
.-----------------.---------------------.-------------------.
| 256  1     4    | 25     9      578   | 3     78     567  |
| 7    235   359  | 6      1238   1358  | 1589  189    4    |
| 8    356   3569 | 1357   134    13457 | 1579  2      1567 |
:-----------------+---------------------+-------------------:
| 35   9     3578 | 1378   6      2     | 4     1378   1357 |
| 46   2468  3678 | 1378   5      13789 | 1789  13789  1237 |
| 235  2358  1    | 4      38     3789  | 5789  6      2357 |
:-----------------+---------------------+-------------------:
| 346  7     368  | 12358  12348  13458 | 12    134    9    |
| 1    345   35   | 9      234    6     | 27    347    8    |
| 9    348   2    | 138    7      1348  | 6     5      13   |
'-----------------'---------------------'-------------------'

