000430008002080600007005003050010030403000201021070080104800300006090814000041000
:0000:x:000430008002080600007005003050010030403000201021070080104800300006090814000041000:921 931 437 841 966 278 679 298::
.--------------------.-------------------.-------------------.
| 569     169    59  | 4      3    2679  | 1579  2579  8     |
| 35      1349   2   | 179    8    79    | 6     4579  579   |
| 68      14689  7   | 1269   26   5     | 19    249   3     |
:--------------------+-------------------+-------------------:
| 679     5      89  | 269    1    24689 | 479   3     679   |
| 4       6789   3   | 569    56   689   | 2     5679  1     |
| 69      2      1   | 3569   7    346   | 459   8     569   |
:--------------------+-------------------+-------------------:
| 1       79     4   | 8      256  267   | 3     5679  2579  |
| 2357    37     6   | 2357   9    237   | 8     1     4     |
| 235789  3789   589 | 23567  4    1     | 579   5679  25679 |
'--------------------'-------------------'-------------------'

