000106050000070002800000410000009030901030604020700000069000001200090000080405000
:0000:x:000106050000070002800000410000009030901030604020700000069000001200090000080405000:422 532 545 845 876 886::
.---------------------.------------------.--------------------.
| 347    3479   2347  | 1     248    6   | 3789   5     3789  |
| 13456  1359   3456  | 3589  7      348 | 389    689   2     |
| 8      379    23567 | 2359  25     23  | 4      1     3679  |
:---------------------+------------------+--------------------:
| 4567   457    45678 | 2568  1246   9   | 12578  3     578   |
| 9      57     1     | 258   3      28  | 6      278   4     |
| 3456   2      34568 | 7     14568  148 | 1589   89    589   |
:---------------------+------------------+--------------------:
| 3457   6      9     | 238   28     237 | 23578  2478  1     |
| 2      13457  3457  | 368   9      137 | 3578   4678  35678 |
| 137    8      37    | 4     126    5   | 2379   2679  3679  |
'---------------------'------------------'--------------------'

