001309020370000800000001045000000012008010400410000000950700000006000038080603200
:0000:x:0+413090203700008+9+10000+71+3450000000120080104004100000+8095+3700+1+6+4+7+26+100038+18+4603200:611 615 524 425 545 945 546 556 565 965 566::
.----------------.------------------.----------------.
| 58   4    1    | 3     58    9    | 67    2   67   |
| 3    7    25   | 24    256   2456 | 8     9   1    |
| 268  69   29   | 28    7     1    | 3     4   5    |
:----------------+------------------+----------------:
| 56   369  579  | 4589  3468  4678 | 5679  1   2    |
| 256  369  8    | 259   1     267  | 4     57  3679 |
| 4    1    2579 | 259   236   267  | 5679  8   3679 |
:----------------+------------------+----------------:
| 9    5    3    | 7     28    28   | 1     6   4    |
| 7    2    6    | 1     459   45   | 59    3   8    |
| 1    8    4    | 6     59    3    | 2     57  79   |
'----------------'------------------'----------------'

