001009000090702800200605000423908010710263004060401320000104005002507030000006700
:0000:x:001009000090702800200605000423908010710263004060401320000104005002507030000006700:412 418 719 621 629 438 739 873 591 492 892 898::
.------------------.-------------.-----------------.
| 3568  3578  1    | 38  348   9 | 2456  567  236  |
| 35    9     456  | 7   134   2 | 8     456  13   |
| 2     3478  478  | 6   1348  5 | 149   79   139  |
:------------------+-------------+-----------------:
| 4     2     3    | 9   57    8 | 56    1    67   |
| 7     1     589  | 2   6     3 | 59    589  4    |
| 589   6     589  | 4   57    1 | 3     2    789  |
:------------------+-------------+-----------------:
| 3689  378   679  | 1   2389  4 | 269   689  5    |
| 1689  48    2    | 5   89    7 | 1469  3    1689 |
| 1389  35    4589 | 38  2389  6 | 7     49   1289 |
'------------------'-------------'-----------------'

