890000070000000304100603000080020003029036700600000000000068000000207500905004008
:0000:x:89+300007+6+7+5+60+803041+4+26+73+8+5+9+580020003+42903670+56+3000000+2+2+1+4+568+9+3+7+3+6+82+975+4+19+75+3+14008:::
.----------.----------------.-------------.
| 8  9  3  | 14     45  125 | 12   7    6 |
| 7  5  6  | 19     8   129 | 3    12   4 |
| 1  4  2  | 6      7   3   | 8    5    9 |
:----------+----------------+-------------:
| 5  8  17 | 1479   2   19  | 146  169  3 |
| 4  2  9  | 18     3   6   | 7    18   5 |
| 6  3  17 | 14789  45  159 | 14   189  2 |
:----------+----------------+-------------:
| 2  1  4  | 5      6   8   | 9    3    7 |
| 3  6  8  | 2      9   7   | 5    4    1 |
| 9  7  5  | 3      1   4   | 26   26   8 |
'----------'----------------'-------------'

