.....246.....6.871...7.......4.38..261..5..848..69.5.......5...245.1.....674.....
:0000:x:..+1.+8246.+4...6.871.+8+67+4+1+9+2...4+138+6+9261+9+25+7+3848..69+45+1+7+1.+8.+75+2+4+6245+81+6+7+3+9.674+2.+1+5+8:::
.----------------.------------.----------.
| 3579  3579  1  | 359  8  2  | 4  6  35 |
| 4     2359  23 | 359  6  39 | 8  7  1  |
| 35    8     6  | 7    4  1  | 9  2  35 |
:----------------+------------+----------:
| 57    57    4  | 1    3  8  | 6  9  2  |
| 6     1     9  | 2    5  7  | 3  8  4  |
| 8     23    23 | 6    9  4  | 5  1  7  |
:----------------+------------+----------:
| 1     39    8  | 39   7  5  | 2  4  6  |
| 2     4     5  | 8    1  6  | 7  3  9  |
| 39    6     7  | 4    2  39 | 1  5  8  |
'----------------'------------'----------'

