000027900280000610000008000000005002571000834400300000000900000029000057006270000
:0000:x:0000279+4+828+7+4+3+961+50000+68+7+2+3000+7+45+102571+6+9+283440+23+8+1+5+70+7009+5+3+200+329+8+1+6+4570+5627+4+300:::
.--------------.----------.-----------.
| 16   136  35 | 15  2  7 | 9  4   8  |
| 2    8    7  | 4   3  9 | 6  1   5  |
| 19   149  45 | 15  6  8 | 7  2   3  |
:--------------+----------+-----------:
| 689  369  38 | 7   4  5 | 1  69  2  |
| 5    7    1  | 6   9  2 | 8  3   4  |
| 4    69   2  | 3   8  1 | 5  7   69 |
:--------------+----------+-----------:
| 7    14   48 | 9   5  3 | 2  68  16 |
| 3    2    9  | 8   1  6 | 4  5   7  |
| 18   5    6  | 2   7  4 | 3  89  19 |
'--------------'----------'-----------'

