000040600001500200000100079607000000019000007020000810530071060078430000004008000
:0000:x:00004060+10015+6020+400+61000796070+10+900019+6000070200+9081+653+2+971+46+8+97843+6+100+1+64+2+58+7+9+3:::
.---------------.---------------.--------------.
| 2378  589  35 | 378  4   2379 | 6   358   1  |
| 378   89   1  | 5    6   379  | 2   38    4  |
| 2348  458  6  | 1    28  23   | 35  7     9  |
:---------------+---------------+--------------:
| 6     458  7  | 38   1   2345 | 9   2345  25 |
| 348   1    9  | 6    28  2345 | 35  2345  7  |
| 34    2    35 | 37   9   3457 | 8   1     6  |
:---------------+---------------+--------------:
| 5     3    2  | 9    7   1    | 4   6     8  |
| 9     7    8  | 4    3   6    | 1   25    25 |
| 1     6    4  | 2    5   8    | 7   9     3  |
'---------------'---------------'--------------'

