080051700010027540570930002425700000708002056601500027060005000150000200847200095
:0000:x:080051700010027540570930002425700000708002056601500027060005000150000200847200095:949 477::
.----------------.--------------------.------------------.
| 239  8   23469 | 46    5      1     | 7     36    39   |
| 39   1   369   | 68    2      7     | 5     4     389  |
| 5    7   46    | 9     3      468   | 168   168   2    |
:----------------+--------------------+------------------:
| 4    2   5     | 7     1689   3689  | 1389  138   138  |
| 7    39  8     | 134   149    2     | 1349  5     6    |
| 6    39  1     | 5     489    3489  | 3489  2     7    |
:----------------+--------------------+------------------:
| 239  6   239   | 1348  14789  5     | 138   1378  1348 |
| 1    5   39    | 3468  46789  34689 | 2     3678  348  |
| 8    4   7     | 2     16     36    | 136   9     5    |
'----------------'--------------------'------------------'

