7519..3.832..5147949...75.116.59..325.21.3.96983.7.1456..7..2848..4..6532.....917
:0000:x:7519..3.832..5147949...75.116.59..325.21.3.96983.7.1456..7..2848..4..6532.....917:634 834::
.-----------.----------------.-----------.
| 7  5   1  | 9    246   246 | 3   26  8 |
| 3  2   68 | 68   5     1   | 4   7   9 |
| 4  9   68 | 23   2368  7   | 5   26  1 |
:-----------+----------------+-----------:
| 1  6   47 | 5    9     48  | 78  3   2 |
| 5  47  2  | 1    48    3   | 78  9   6 |
| 9  8   3  | 26   7     26  | 1   4   5 |
:-----------+----------------+-----------:
| 6  13  59 | 7    13    59  | 2   8   4 |
| 8  17  79 | 4    12    29  | 6   5   3 |
| 2  34  45 | 368  368   568 | 9   1   7 |
'-----------'----------------'-----------'

