...9..6....13.62.9.9..47...2..7.4..1.78...4965..6..723...473.6...71.93....3..5...
:0000:x:...9..6....13.62.9.9..47...2..7.4..1.78...4965..6..723...473.6...71.93....3..5...:118 545 845 973::
.-------------------.----------------.-------------------.
| 3478   23458  245 | 9    1258  128 | 6     34578  4578 |
| 478    458    1   | 3    58    6   | 2     4578   9    |
| 368    9      256 | 258  4     7   | 158   1358   58   |
:-------------------+----------------+-------------------:
| 2      36     69  | 7    39    4   | 58    58     1    |
| 13     7      8   | 25   1235  12  | 4     9      6    |
| 5      14     49  | 6    189   18  | 7     2      3    |
:-------------------+----------------+-------------------:
| 189    1258   25  | 4    7     3   | 1589  6      258  |
| 468    24568  7   | 1    268   9   | 3     458    2458 |
| 14689  12468  3   | 28   268   5   | 189   1478   2478 |
'-------------------'----------------'-------------------'

