...4.68218.4..1679....874532....8.34..8..479.94...5.6876.149.8.48.56.917.9187..46
:0000:x:...4.68218.4..1679....874532....8.34..8..479.94...5.6876.149.8.48.56.917.9187..46:233 351 551::
.---------------.--------------.------------.
| 35  357  3579 | 4    359  6  | 8    2  1  |
| 8   235  4    | 23   235  1  | 6    7  9  |
| 16  12   69   | 29   8    7  | 4    5  3  |
:---------------+--------------+------------:
| 2   157  567  | 679  19   8  | 15   3  4  |
| 16  135  8    | 236  123  4  | 7    9  25 |
| 9   4    37   | 237  123  5  | 12   6  8  |
:---------------+--------------+------------:
| 7   6    235  | 1    4    9  | 235  8  25 |
| 4   8    23   | 5    6    23 | 9    1  7  |
| 35  9    1    | 8    7    23 | 235  4  6  |
'---------------'--------------'------------'

