.............3.6.52..1.5.4.....9.3...6.7..5...1...4..279.6.....5.....9811.2......
:0000:x:+6+5+9...+1+3...+1.3.6+252.+31+65.4+9.+2..9+63+1.+36.7..5+9.+91.+3.4.+6279.6..+2+5+35.+6...9811.2...+4+7+6:814 815 424 826 443 843 849 855 856 863 875 285 896::
.-------------.---------------.-----------.
| 6   5    9  | 24   247  278 | 1   3  78 |
| 48  478  1  | 89   3    79  | 6   2  5  |
| 2   78   3  | 1    6    5   | 78  4  9  |
:-------------+---------------+-----------:
| 48  2    57 | 58   9    6   | 3   1  47 |
| 3   6    48 | 7    12   12  | 5   9  48 |
| 9   1    57 | 3    58   4   | 78  6  2  |
:-------------+---------------+-----------:
| 7   9    48 | 6    14   18  | 2   5  3  |
| 5   34   6  | 24   47   237 | 9   8  1  |
| 1   38   2  | 589  58   39  | 4   7  6  |
'-------------'---------------'-----------'

