.3.7..8.55972..................9.5.7....6...........83.72..396..4...7....638.....
:0000:x:+23.7.+68+955972+8...+6+6..+9+3+5.+7.+3.+6.9.5.7+7+5.+36...+9+4.+9+5+7.+683+872.+5396.+94+5+6.7..+8+1638.+9+7+5.:::
.-------------.--------------.---------------.
| 2  3    14  | 7   14  6    | 8    9    5   |
| 5  9    7   | 2   8   14   | 134  134  6   |
| 6  18   148 | 9   3   5    | 124  7    124 |
:-------------+--------------+---------------:
| 3  128  6   | 14  9   1248 | 5    124  7   |
| 7  5    18  | 3   6   1248 | 124  124  9   |
| 4  12   9   | 5   7   12   | 6    8    3   |
:-------------+--------------+---------------:
| 8  7    2   | 14  5   3    | 9    6    14  |
| 9  4    5   | 6   12  7    | 123  123  8   |
| 1  6    3   | 8   24  9    | 7    5    24  |
'-------------'--------------'---------------'

