815....63......7.2...1........85..9.3.......8.5..24........6...2.7......14....376
:0000:x:815+4+7+2+963...+5.+87+12...1.+9..+5..+185+3.9.3...+1+7..8.5+8.24.+3.+5+8+3+7+96...2+67+3+4+1..+914+9+2+8+5376:431 433::
.---------------.-----------.---------------.
| 8    1    5   | 4   7   2 | 9     6    3  |
| 469  39   46  | 5   36  8 | 7     1    2  |
| 67   237  26  | 1   36  9 | 48    48   5  |
:---------------+-----------+---------------:
| 467  27   1   | 8   5   3 | 246   9    47 |
| 3    29   246 | 69  1   7 | 2456  245  8  |
| 679  5    8   | 69  2   4 | 16    3    17 |
:---------------+-----------+---------------:
| 5    8    3   | 7   9   6 | 124   24   14 |
| 2    6    7   | 3   4   1 | 58    58   9  |
| 1    4    9   | 2   8   5 | 3     7    6  |
'---------------'-----------'---------------'

