...5.12.........18..3..7.9.1..7.........6..5.7.2.1..834.......9.39.24....6...94..
:0000:x:...5.12.........18.+13..7+59.1+5+67..+9+4+2+3+8+4+96+2.5.7+92+41+5+6834...+5...9.39.24....6..+794..:324 376 777 778 591::
.----------------.----------------.----------------.
| 689   47   78  | 5     3489  1  | 2    367  467  |
| 2569  247  57  | 26    349   36 | 37   1    8    |
| 268   1    3   | 268   48    7  | 5    9    46   |
:----------------+----------------+----------------:
| 1     5    6   | 7     38    38 | 9    4    2    |
| 3     8    4   | 9     6     2  | 17   5    17   |
| 7     9    2   | 4     1     5  | 6    8    3    |
:----------------+----------------+----------------:
| 4     27   178 | 1368  5     68 | 138  236  9    |
| 58    3    9   | 168   2     4  | 178  67   1567 |
| 28    6    158 | 138   7     9  | 4    23   15   |
'----------------'----------------'----------------'

