002000095089200060400050000001800020000000009090621008008913000000000000000400380
:0000:x:+1020+8+6+495+589200060400+15+9+80+20018+90020+8+20000009090621008008913+2+50+200+5+7+8+900+9004+6+2380:729 342 649 749 353 358 363::
.-----------------.-------------.----------------.
| 1    37    2    | 37  8   6   | 4     9    5   |
| 5    8     9    | 2   34  47  | 17    6    13  |
| 4    367   367  | 1   5   9   | 8     37   2   |
:-----------------+-------------+----------------:
| 367  4567  1    | 8   9   457 | 567   2    34  |
| 8    2     4567 | 37  34  457 | 1567  147  9   |
| 37   9     457  | 6   2   1   | 57    347  8   |
:-----------------+-------------+----------------:
| 67   467   8    | 9   1   3   | 2     5    467 |
| 2    1346  346  | 5   7   8   | 9     14   146 |
| 9    157   57   | 4   6   2   | 3     8    17  |
'-----------------'-------------'----------------'

