3...8.1....8.71...6.9..5.......4.9.8......254.....9....6..1....2.......5.5..9.7.2
:0000:x:3+7+5.8.1+2.+4+28.71+5..6+19+3+25+4+8+7+5+3..4.9.8......254....+59..+1.6.+51+2...2.......5.5..9.7.2:628 643 743 644 744 654 656 664 668 783 684 686 688::
.-----------------.---------------.----------------.
| 3     7    5    | 469  8   46   | 1    2     69  |
| 4     2    8    | 69   7   1    | 5    39    369 |
| 6     1    9    | 3    2   5    | 4    8     7   |
:-----------------+---------------+----------------:
| 5     3    12   | 12   4   67   | 9    67    8   |
| 1789  89   167  | 178  36  378  | 2    5     4   |
| 78    48   2467 | 278  5   9    | 36   37    1   |
:-----------------+---------------+----------------:
| 789   6    347  | 5    1   2    | 38   349   39  |
| 2     489  134  | 478  36  3478 | 368  1349  5   |
| 18    5    134  | 468  9   3468 | 7    1346  2   |
'-----------------'---------------'----------------'

