621005400003001000000000010080030604000207000502040070040000000000900500006700143
:0000:x:6210+75400003001000+80000+2010+18+7+53+96+240+602070005+3204+6070+74+500+3000+3+1+89+2+45+6+7+2+967+5+8143:927 928 929 937 939 957 958 959::
.------------.-------------.----------------.
| 6   2   1  | 38   7    5 | 4    389  89   |
| 49  57  3  | 468  689  1 | 278  58   2568 |
| 8   57  49 | 346  69   2 | 37   1    56   |
:------------+-------------+----------------:
| 1   8   7  | 5    3    9 | 6    2    4    |
| 49  6   49 | 2    18   7 | 38   358  158  |
| 5   3   2  | 18   4    6 | 89   7    189  |
:------------+-------------+----------------:
| 7   4   5  | 16   16   3 | 289  89   289  |
| 3   1   8  | 9    2    4 | 5    6    7    |
| 2   9   6  | 7    5    8 | 1    4    3    |
'------------'-------------'----------------'

