006503094000094000439070580200000009701040308600000007062010945000930000980402100
:0000:x:006503094000094000439070580200000009701040308600000007+36201094500+4930+800980402100:121 122 522 823 128 728 543 563 582 786::
.-------------.-------------------.----------------.
| 18  127  6  | 5      28   3     | 27   9    4    |
| 58  27   57 | 1268   9    4     | 267  236  1236 |
| 4   3    9  | 126    7    16    | 5    8    126  |
:-------------+-------------------+----------------:
| 2   45   38 | 13678  568  15678 | 46   156  9    |
| 7   59   1  | 26     4    569   | 3    256  8    |
| 6   459  38 | 1238   258  1589  | 24   125  7    |
:-------------+-------------------+----------------:
| 3   6    2  | 78     1    78    | 9    4    5    |
| 15  17   4  | 9      3    56    | 8    267  26   |
| 9   8    57 | 4      56   2     | 1    367  36   |
'-------------'-------------------'----------------'

