410000000000400200005672100030000000000005048504007000900200010300000590000004006
:0000:x:41+200000000+3400200+8+956721+3+40300+40000000005048504007000900200+4103+4000059+2000004006:518 519 525 628 728 729 184 892 893 894 895::
.-------------------.---------------------.------------------.
| 4     1     2     | 3589   3589    389  | 6789  678   79   |
| 67    67    3     | 4      189     189  | 2     58    59   |
| 8     9     5     | 6      7       2    | 1     3     4    |
:-------------------+---------------------+------------------:
| 1267  3     16789 | 189    4       1689 | 679   2567  1579 |
| 1267  267   1679  | 139    12369   5    | 3679  4     8    |
| 5     268   4     | 1389   123689  7    | 369   26    139  |
:-------------------+---------------------+------------------:
| 9     5678  678   | 2      3568    368  | 4     1     37   |
| 3     4     1678  | 78     168     168  | 5     9     2    |
| 127   257   17    | 13579  1359    4    | 378   78    6    |
'-------------------'---------------------'------------------'

