800000100001030009090100030000400006008060020040002500420500300006000004700000090
:0000:x:80000010000103000909010003000+2400+906+908060+420+64000250042+95003+600060000+5470+5000090:512 522 541 352 752 356 756 159 169::
.---------------.---------------------.-----------------.
| 8   367   347 | 2679   24579  45679 | 1     47   257  |
| 25  67    1   | 2678   3      45678 | 2678  478  9    |
| 25  9     47  | 1      24578  45678 | 2678  3    2578 |
:---------------+---------------------+-----------------:
| 13  1357  2   | 4      1578   13578 | 9     178  6    |
| 9   15    8   | 37     6      15    | 4     2    37   |
| 6   4     37  | 3789   1789   2     | 5     178  378  |
:---------------+---------------------+-----------------:
| 4   2     9   | 5      178    178   | 3     6    178  |
| 13  138   6   | 23789  12789  13789 | 278   5    4    |
| 7   138   5   | 2368   1248   13468 | 28    9    128  |
'---------------'---------------------'-----------------'

