.2.17...9.7...2.6.9..........245...8.1.9...7.4.....9.......1..4.3....72.6.....19.
:0000:x:.2.17...9.7+4.+92.6+19.+1...+2.+7+7+9245..+18.1.9..+47.4...+1+79+5.+2+5+9+7.1..4+13+8.+4+972.6+4+7...19.:516 524 875::
.--------------.-------------------.---------------.
| 358  2   356 | 1     7     3468  | 358  348  9   |
| 358  7   4   | 38    9     2     | 358  6    1   |
| 9    68  1   | 3568  368   34568 | 2    348  7   |
:--------------+-------------------+---------------:
| 7    9   2   | 4     5     36    | 36   1    8   |
| 358  1   356 | 9     2368  368   | 4    7    236 |
| 4    68  36  | 2368  1     7     | 9    5    236 |
:--------------+-------------------+---------------:
| 2    5   9   | 7     36    1     | 368  38   4   |
| 1    3   8   | 56    4     9     | 7    2    56  |
| 6    4   7   | 2358  238   358   | 1    9    35  |
'--------------'-------------------'---------------'

