201000008000003000000000062603007000052094700700300100400006051900500040007010000
:0000:x:201000+3+78+8000030+10+30000+1062603+107000+1520947007003001004+3+80060519+1+65+3004+7+5+27+410+600:422 922 724 924 425 525 535 247 866::
.-------------.---------------.-----------------.
| 2  469  1   | 69   456   59 | 3     7    8    |
| 8  67   459 | 26   267   3  | 459   1    459  |
| 3  479  459 | 789  478   1  | 459   6    2    |
:-------------+---------------+-----------------:
| 6  489  3   | 1    258   7  | 4589  289  459  |
| 1  5    2   | 68   9     4  | 7     38   36   |
| 7  489  49  | 3    2568  25 | 1     289  4569 |
:-------------+---------------+-----------------:
| 4  3    8   | 279  27    6  | 29    5    1    |
| 9  1    6   | 5    3     28 | 28    4    7    |
| 5  2    7   | 4    1     89 | 6     389  39   |
'-------------'---------------'-----------------'

