006005040000830200700004001060000900008060100002000080200300009007042000050100700
:0000:x:0+26+9+1504+700083+7200700+6+240010600009000080601000020000802003+70009007+54200+8050100700:921 922 528 932 333 538 382 688 391 491 991 993 698 699::
.--------------------.--------------.------------------.
| 38     2      6    | 9    1   5   | 38    4     7    |
| 145    14     1459 | 8    3   7   | 2     69    56   |
| 7      38     59   | 6    2   4   | 358   39    1    |
:--------------------+--------------+------------------:
| 1345   6      1345 | 247  58  138 | 9     2357  2345 |
| 3459   3479   8    | 247  6   39  | 1     2357  2345 |
| 13459  13479  2    | 47   59  139 | 3456  8     3456 |
:--------------------+--------------+------------------:
| 2      148    14   | 3    7   68  | 456   156   9    |
| 1369   19     7    | 5    4   2   | 36    13    8    |
| 68     5      34   | 1    89  689 | 7     23    234  |
'--------------------'--------------'------------------'

