000000000000000000000000000000000000000000000000000000000000000000000000000000000
:0000:x:000000000000000000000000000000000000000000000000000+1+2000000+3+2+4000000+4+3+10000000000:111 211 311 411 511 611 711 811 911 112 212 312 412 512 612 712 812 912 113 213 313 413 513 613 713 813 913 114 214 314 414 514 614 714 814 914 115 215 315 415 515 615 715 815 915 116 216 516 616 716 816 916 417 517 617 717 817 917 318 518 618 718 818 918 119 219 319 419 519 619 719 819 919 121 221 321 421 521 621 721 821 921 122 222 322 422 522 622 722 822 922 123 223 323 423 523 623 723 823 923 124 224 324 424 524 624 724 824 924 125 225 325 425 525 625 725 825 925 126 226 526 626 726 826 926 427 527 627 727 827 927 328 528 628 728 828 928 129 229 329 429 529 629 729 829 929 131 231 331 431 531 631 731 831 931 132 232 332 432 532 632 732 832 932 133 233 333 433 533 633 733 833 933 134 234 334 434 534 634 734 834 934 135 235 335 435 535 635 735 835 935 136 236 536 636 736 836 936 437 537 637 737 837 937 338 538 638 738 838 938 139 239 339 439 539 639 739 839 939 141 241 341 441 541 641 741 841 941 142 242 342 442 542 642 742 842 942 143 243 343 443 543 643 743 843 943 144 244 344 444 544 644 744 844 944 145 245 345 445 545 645 745 845 945 146 246 546 646 746 846 946 447 547 647 747 847 947 348 548 648 748 848 948 349 449 549 649 749 849 949 151 251 351 451 551 651 751 851 951 152 252 352 452 552 652 752 852 952 153 253 353 453 553 653 753 853 953 154 254 354 454 554 654 754 854 954 155 255 355 455 555 655 755 855 955 156 256 556 656 756 856 956 457 557 657 757 857 957 358 558 658 758 858 958 359 459 559 659 759 859 959 361 461 561 661 761 861 961 362 462 562 662 762 862 962 363 463 563 663 763 863 963 364 464 564 664 764 864 964 365 465 565 665 765 865 965 566 666 766 866 966 369 469 569 669 769 869 969 171 571 671 771 871 971 172 572 672 772 872 972 173 573 673 773 873 973 174 574 674 774 874 974 175 575 675 775 875 975 579 679 779 879 979 281 581 681 781 881 981 282 582 682 782 882 982 283 583 683 783 883 983 284 584 684 784 884 984 285 585 685 785 885 985 589 689 789 889 989 191 291 391 491 591 691 791 891 991 192 292 392 492 592 692 792 892 992 193 293 393 493 593 693 793 893 993 194 294 594 694 794 894 994 195 295 595 695 795 895 995 196 296 596 696 796 896 996 597 697 797 897 997 598 698 798 898 998 599 699 799 899 999::
.---------.---------.---------.
| 0  0  0 | 0  0  0 | 0  0  0 |
| 0  0  0 | 0  0  0 | 0  0  0 |
| 0  0  0 | 0  0  0 | 0  0  0 |
:---------+---------+---------:
| 0  0  0 | 0  0  0 | 0  0  0 |
| 0  0  0 | 0  0  0 | 0  0  0 |
| 0  0  0 | 0  0  0 | 1  2  0 |
:---------+---------+---------:
| 0  0  0 | 0  0  3 | 2  4  0 |
| 0  0  0 | 0  0  4 | 3  1  0 |
| 0  0  0 | 0  0  0 | 0  0  0 |
'---------'---------'---------'

