.....9..22473....9.9....13.6.3.7...5...5..31...5.2..9.....1.9..8.96...4....2.7...
:0000:x:.....9..22473.+1..9+59...+213.6+13+97...5+9..5.+631...5+12+3.9.....1.9..8.96+3+5.4+1...2+97...:471 473 878 879::
.-----------------.---------------.-------------------.
| 13   368    168 | 478  4568  9  | 45678  5678  2    |
| 2    4      7   | 3    568   1  | 568    568   9    |
| 5    9      68  | 478  468   2  | 1      3     4678 |
:-----------------+---------------+-------------------:
| 6    1      3   | 9    7     48 | 248    28    5    |
| 9    278    248 | 5    48    6  | 3      1     478  |
| 47   78     5   | 1    2     3  | 4678   9     4678 |
:-----------------+---------------+-------------------:
| 37   23567  26  | 48   1     48 | 9      2567  367  |
| 8    27     9   | 6    3     5  | 27     4     1    |
| 134  356    146 | 2    9     7  | 568    568   368  |
'-----------------'---------------'-------------------'

