004000000000394000000102970200010000740050312038000000300700090400021730070000080
:0000:x:+90400000+3+60+739400+8+8+5+31+6297+420+501+3+80+7740050312+138+20000+9300700090400021730+5700+30080:217 517 518 227 467 172 272 673 177 577 677 984 693 993 197 697::
.------------.--------------.--------------.
| 9  12   4  | 58   78  578 | 16  26   3   |
| 6  12   7  | 3    9   4   | 15  25   8   |
| 8  5    3  | 1    6   2   | 9   7    4   |
:------------+--------------+--------------:
| 2  69   5  | 469  1   3   | 8   46   7   |
| 7  4    69 | 689  5   689 | 3   1    2   |
| 1  3    8  | 2    47  67  | 56  456  9   |
:------------+--------------+--------------:
| 3  68   12 | 7    48  568 | 24  9    156 |
| 4  689  69 | 568  2   1   | 7   3    56  |
| 5  7    12 | 469  3   69  | 24  8    16  |
'------------'--------------'--------------'

