.5..276.4.....1.79..9.8.1.......896...........682.......2.1.7..51.3.....8.765..3.
:0000:x:.5.+9276+84.+8...1.79..9.8.1....+5..896...........682....+7..2+81.7..51.3+7....8.765..3+1:321 621 323 425 331 332 436 536 239 241 441 444 151 351 453 454 554 456 956 258 559 365 466 966 488::
.-----------------.---------------.-----------------.
| 13    5      13 | 9   2     7   | 6      8    4   |
| 24    8      46 | 45  36    1   | 235    7    9   |
| 2467  247    9  | 45  8     36  | 1      25   35  |
:-----------------+---------------+-----------------:
| 137   2347   5  | 17  34    8   | 9      6    23  |
| 2479  23479  13 | 17  3469  356 | 23458  145  238 |
| 1349  6      8  | 2   49    35  | 345    145  7   |
:-----------------+---------------+-----------------:
| 3469  349    2  | 8   1     49  | 7      459  56  |
| 5     1      46 | 3   7     249 | 248    29   268 |
| 8     49     7  | 6   5     249 | 24     3    1   |
'-----------------'---------------'-----------------'

