71...28..2..19..6...5.6.....2....1.7.........4.9....2.....7.5...5..49..3..73...12
:0000:x:71+6..28..2..19.+76...5.6.+2.+1.2....1.7....+2....4.9.+1.+32.....7+15...5..49+6+73..73...12:938 341 841 544 844 545 346 546 846 848 853 556 871 872 873 874::
.------------------.-------------------.-----------------.
| 7      1     6   | 45      35  2     | 8   3459  459   |
| 2      348   348 | 1       9   3458  | 7   6     45    |
| 389    3489  5   | 478     6   3478  | 2   34    1     |
:------------------+-------------------+-----------------:
| 56     2     38  | 469     38  46    | 1   459   7     |
| 13568  3678  13  | 456789  2   34678 | 49  4589  45689 |
| 4      678   9   | 5678    1   5678  | 3   2     568   |
:------------------+-------------------+-----------------:
| 369    3469  234 | 26      7   1     | 5   489   489   |
| 18     5     128 | 28      4   9     | 6   7     3     |
| 689    4689  7   | 3       58  568   | 49  1     2     |
'------------------'-------------------'-----------------'

