002103480004090300300800009041960000030248070000031940100002004007010200023409700
:0000:x:002103480+8+140903003+708+2+4009041960000030248070000031940100002004+407010200023409700:524 628 629 541 561 661 563 869 588 688 689::
.-----------------.----------------.-----------------.
| 569  569   2    | 1     57   3   | 4    8     567  |
| 8    1     4    | 67    9    567 | 3    25    257  |
| 3    7     56   | 8     2    4   | 156  156   9    |
:-----------------+----------------+-----------------:
| 27   4     1    | 9     6    57  | 58   235   2358 |
| 569  3     569  | 2     4    8   | 156  7     156  |
| 27   568   68   | 57    3    1   | 9    4     256  |
:-----------------+----------------+-----------------:
| 1    5689  5689 | 3567  578  2   | 568  3569  4    |
| 4    5689  7    | 356   1    56  | 2    39    358  |
| 56   2     3    | 4     58   9   | 7    156   1568 |
'-----------------'----------------'-----------------'

