5..2....8.98..6......8..16.37.9.......1...7.......1.42.42..3......7..62.6....9..5
:0000:x:5..2....8.98..6+2+5....8..16.37.9.+2.....1...7......+71.42.42..3......7..62.6...+29..5:313 713 335 663 174 175 875 881 882 585 586 192 897::
.-----------------.------------------.------------------.
| 5     136   46  | 2     1349   47  | 349   379   8    |
| 147   9     8   | 134   134    6   | 2     5     347  |
| 247   23    347 | 8     459    457 | 1     6     3479 |
:-----------------+------------------+------------------:
| 3     7     456 | 9     4568   2   | 58    18    16   |
| 2489  2568  1   | 3456  34568  458 | 7     389   369  |
| 89    568   59  | 356   7      1   | 3589  4     2    |
:-----------------+------------------+------------------:
| 1789  4     2   | 56    56     3   | 89    1789  179  |
| 19    135   359 | 7     148    48  | 6     2     1349 |
| 6     38    37  | 14    2      9   | 34    1378  5    |
'-----------------'------------------'------------------'

