083010000050000203200400008000600005900283006600009000300004001806000030000020760
:0000:x:08301+2+600050+80+62032+604+300080006+4000590+52830066000090003000+64001806000030+500+32+8760:423 142 742 143 743 147 148 748 162 763 468 973 182 989 993::
.-----------------.----------------.-----------------.
| 47   8     3    | 579   1    2   | 6     4579  479 |
| 147  5     179  | 8     79   6   | 2     1479  3   |
| 2    6     179  | 4     3    57  | 159   1579  8   |
:-----------------+----------------+-----------------:
| 17   23    28   | 6     4    17  | 389   289   5   |
| 9    147   5    | 2     8    3   | 14    147   6   |
| 6    2347  1248 | 157   57   9   | 1348  1278  247 |
:-----------------+----------------+-----------------:
| 3    279   27   | 579   6    4   | 589   2589  1   |
| 8    2479  6    | 1579  579  157 | 459   3     24  |
| 5    149   14   | 3     2    8   | 7     6     49  |
'-----------------'----------------'-----------------'

