41.7.36...3..6..4.7..2.....9......6...2.7.4...7......1.....5..6.6..3..2...36.7.94
:0000:x:41.7.36.+2+23..6..4.7.+62...+1+39.+1+3...6...2.7.4.+9.7......1+1..+8+25+3+76.6+7.3.+12..+236+17.94:446 551 851 561 861 867::
.--------------.------------------.----------------.
| 4   1    589 | 7    589   3     | 6     58   2   |
| 2   3    589 | 159  6     189   | 5789  4    578 |
| 7   589  6   | 2    4589  489   | 589   1    3   |
:--------------+------------------+----------------:
| 9   458  1   | 3    458   28    | 2578  6    578 |
| 36  58   2   | 15   7     168   | 4     358  9   |
| 36  7    458 | 459  4589  24689 | 25    358  1   |
:--------------+------------------+----------------:
| 1   49   49  | 8    2     5     | 3     7    6   |
| 58  6    7   | 49   3     49    | 1     2    58  |
| 58  2    3   | 6    1     7     | 58    9    4   |
'--------------'------------------'----------------'

