010030670003705100000090003000007056000000000460800000200070000006109500079080040
:0000:x:+91003+867+500370510000009+10030000070560000000004608000002000700+6000610950+7079080040:422 228 831 432 234 143 244 245 347 947 351 851 254 454 554 255 455 957 958 159 959 265 169 473 474 882 391 296::
.-------------------.-----------------.-------------------.
| 9    1      24    | 24    3    8    | 6      7     5    |
| 68   28     3     | 7     246  5    | 1      89    2489 |
| 567  258    24578 | 46    9    1    | 248    28    3    |
:-------------------+-----------------+-------------------:
| 138  2389   28    | 349   14   7    | 248    5     6    |
| 157  23589  12578 | 369   156  2346 | 23478  1238  248  |
| 4    6      1257  | 8     15   23   | 2379   1239  29   |
:-------------------+-----------------+-------------------:
| 2    3458   158   | 35    7    34   | 389    6     189  |
| 38   34     6     | 1     24   9    | 5      238   7    |
| 15   7      9     | 2356  8    36   | 23     4     12   |
'-------------------'-----------------'-------------------'

