....579........62....2...54....7921.2.74.15.3.8152....13...2....28........419....
:0000:x:..+2.579.+1+8..+9.+462+7...2...54....7921+82.74+815.3.8152....13...2....28...+1....419...+2:641 461 668 968 877 478 778 979 684 388 396 797 898::
.-----------------.---------------.---------------.
| 346   46    2   | 368  5    7   | 9   38    1   |
| 8     15    35  | 9    13   4   | 6   2     7   |
| 3679  1679  369 | 2    136  368 | 38  5     4   |
:-----------------+---------------+---------------:
| 345   456   356 | 36   7    9   | 2   1     8   |
| 2     69    7   | 4    8    1   | 5   69    3   |
| 369   8     1   | 5    2    36  | 47  47    69  |
:-----------------+---------------+---------------:
| 1     3     569 | 678  46   2   | 47  689   56  |
| 5679  2     8   | 37   346  356 | 1   4679  569 |
| 567   567   4   | 1    9    568 | 38  367   2   |
'-----------------'---------------'---------------'

