900028700000700043300005200030000008008000100700000060002100004610004000003270009
:0000:x:900+3287+50000700043300005200030000008008000100700000060002100+60461000400000327+60+19:432 433 541 145 946 547 948 956 258 758 567 572 872 583 888 589::
.--------------------.--------------------.---------------.
| 9     46     146   | 3     2       8    | 7    5    16  |
| 1258  2568   156   | 7     169     19   | 89   4    3   |
| 3     678    167   | 469   1469    5    | 2    89   16  |
:--------------------+--------------------+---------------:
| 124   3      14569 | 4569  4569    127  | 49   27   8   |
| 245   24569  8     | 4569  34569   237  | 1    39   257 |
| 7     2459   1459  | 4589  134589  1239 | 349  6    25  |
:--------------------+--------------------+---------------:
| 58    79     2     | 1     3589    39   | 6    378  4   |
| 6     1      79    | 589   3589    4    | 358  237  27  |
| 458   458    3     | 2     7       6    | 58   1    9   |
'--------------------'--------------------'---------------'

