204500003607039400030000000023000001005090700400000230000000080002460309900001504
:0000:x:204500003607039400030000000023000001005+29+37+40400000230+3+40+900080002460309900+301504:617 128 135 735 835 636 736 836 138 238 239 539 745 647 162 163 666 679 882 586::
.-----------------.-------------------.-----------------.
| 2     189   4   | 5     178   678   | 189   1679  3   |
| 6     158   7   | 18    3     9     | 4     25    258 |
| 158   3     189 | 1678  24    24    | 1689  5679  678 |
:-----------------+-------------------+-----------------:
| 78    2     3   | 678   458   45678 | 89    569   1   |
| 18    168   5   | 2     9     3     | 7     4     68  |
| 4     6789  689 | 1678  1578  578   | 2     3     568 |
:-----------------+-------------------+-----------------:
| 3     4     16  | 9     257   257   | 16    8     27  |
| 1578  157   2   | 4     6     78    | 3     17    9   |
| 9     678   68  | 3     278   1     | 5     267   4   |
'-----------------'-------------------'-----------------'

