200019060000000200093720000310040700008000600002090014000075180006000000070960003
:0000:x:20001906000000020009372000031004070000800060000209001400007518+6006000+900070960003:721 821 831 949 354 664 666 472 474 481 482 582 882 284 384 491 493::
.------------------.-------------------.--------------------.
| 2     458   457  | 3458   1    9     | 3458  6      578   |
| 1456  4568  1457 | 34568  358  3468  | 2     34579  15789 |
| 1456  9     3    | 7      2    468   | 458   45     158   |
:------------------+-------------------+--------------------:
| 3     1     59   | 2568   4    268   | 7     259    258   |
| 4579  45    8    | 125    35   1237  | 6     2359   259   |
| 567   56    2    | 358    9    378   | 358   1      4     |
:------------------+-------------------+--------------------:
| 49    23    49   | 23     7    5     | 1     8      6     |
| 158   23    6    | 148    38   12348 | 9     2457   257   |
| 158   7     15   | 9      6    1248  | 45    245    3     |
'------------------'-------------------'--------------------'

