9...287.....7...433....52...3......8..8...1..7......6...21....461...4.....327...9
:0000:x:9..+3287+5....7...433....52...3......8..8...1..7...+9..6...21..+6.461...4.....327+6.+19:432 433 541 145 547 948 258 758 567 572 872 583 888 589::
.--------------------.----------------.---------------.
| 9     46     146   | 3    2     8   | 7    5    16  |
| 1258  2568   156   | 7    16    19  | 89   4    3   |
| 3     678    167   | 469  146   5   | 2    89   16  |
:--------------------+----------------+---------------:
| 124   3      14569 | 456  456   127 | 49   27   8   |
| 245   24569  8     | 456  3456  237 | 1    39   257 |
| 7     245    145   | 458  9     123 | 34   6    25  |
:--------------------+----------------+---------------:
| 58    79     2     | 1    358   39  | 6    378  4   |
| 6     1      79    | 589  358   4   | 358  237  27  |
| 458   458    3     | 2    7     6   | 58   1    9   |
'--------------------'----------------'---------------'

