900502000052040000003980000540090007007010300300020085000068700000070120000103008
:0000:x:9005+320+70052+6400+30003980+50+254+8+39+6+2+17007+81+5300300+72+4085000+2687+5000+5+47+91200001+53008:491 691 692 992::
.----------------.----------.---------------.
| 9     168  146 | 5  3  2  | 468  7    146 |
| 178   5    2   | 6  4  17 | 89   3    19  |
| 1467  167  3   | 9  8  17 | 5    46   2   |
:----------------+----------+---------------:
| 5     4    8   | 3  9  6  | 2    1    7   |
| 26    269  7   | 8  1  5  | 3    469  469 |
| 3     169  169 | 7  2  4  | 69   8    5   |
:----------------+----------+---------------:
| 14    139  149 | 2  6  8  | 7    5    349 |
| 68    368  5   | 4  7  9  | 1    2    36  |
| 27    27   469 | 1  5  3  | 469  469  8   |
'----------------'----------'---------------'

