085093200103020007700100000007000008030000070800000900000004009500010406006830710
:0000:x:085+79320+1103020007700100000007000008030000070800000900+30000400950+80104+36006830710:428 628 432 638 442 153 454 462 464 292::
.------------------.----------------------.------------------.
| 46    8      5   | 7       9     3      | 2     46    1    |
| 1     469    3   | 456     2     568    | 568   589   7    |
| 7     269    249 | 1       4568  568    | 3568  4589  345  |
:------------------+----------------------+------------------:
| 2469  12569  7   | 234569  456   12569  | 1356  2456  8    |
| 2469  3      249 | 2569    4568  125689 | 156   7     245  |
| 8     1256   124 | 2356    4567  12567  | 9     2456  2345 |
:------------------+----------------------+------------------:
| 3     127    12  | 256     567   4      | 58    258   9    |
| 5     279    8   | 29      1     279    | 4     3     6    |
| 249   49     6   | 8       3     259    | 7     1     25   |
'------------------'----------------------'------------------'

