987650430600040800004000067809060500002000006006003010405006000090405600068090000
:0000:x:987650430600040800004000067809060500002000006006003010405006000090405600068090000:522 324 924 331 332 136 236 442 754 156 756 758 269 172 977 298 798 199 299 399::
.-----------------.--------------------.-------------------.
| 9     8      7  | 6      5      12   | 4     3     12    |
| 6     123    13 | 127    4      1279 | 8     259   1259  |
| 125   125    4  | 12389  1238   89   | 129   6     7     |
:-----------------+--------------------+-------------------:
| 8     137    9  | 127    6      1247 | 5     247   234   |
| 1357  13457  2  | 1589   178    489  | 379   489   6     |
| 57    457    6  | 25789  278    3    | 279   1     489   |
:-----------------+--------------------+-------------------:
| 4     237    5  | 12378  12378  6    | 1237  2789  12389 |
| 1237  9      13 | 4      12378  5    | 6     278   1238  |
| 1237  6      8  | 1237   9      127  | 1237  45    45    |
'-----------------'--------------------'-------------------'

