100080004007002800020004050000300000705000408000006000010600040006100500300050002
:0000:x:1000800040070028000200040500003000007050+90408000006000010600040006100500300050002:::
.----------------------.-------------------.---------------------.
| 1      3569   39     | 579    8     3579 | 23679  23679  4     |
| 4569   34569  7      | 59     136   2    | 8      1369   1369  |
| 689    2      389    | 79     1367  4    | 13679  5      13679 |
:----------------------+-------------------+---------------------:
| 24689  4689   12489  | 3      1247  1578 | 12679  12679  15679 |
| 7      36     5      | 2      9     1    | 4      1236   8     |
| 2489   3489   123489 | 24578  1247  6    | 12379  12379  13579 |
:----------------------+-------------------+---------------------:
| 2589   1      289    | 6      237   3789 | 379    4      379   |
| 2489   4789   6      | 1      2347  3789 | 5      3789   379   |
| 3      4789   489    | 4789   5     789  | 1679   16789  2     |
'----------------------'-------------------'---------------------'

