000600004000000006062010900020076000150040063000190020006050140400000000300008000
:0000:x:00060000400000000606201+49+30+8200760+9+115+9+84+2+763+600190020+20605014040000+1000300+408000:::
.---------------------.------------------.--------------------.
| 579  13789   13578  | 6      238  3579 | 258    1578  4     |
| 579  134789  134578 | 23579  238  3579 | 258    1578  6     |
| 57   6       2      | 57     1    4    | 9      3     578   |
:---------------------+------------------+--------------------:
| 8    2       34     | 35     7    6    | 45     9     1     |
| 1    5       9      | 8      4    2    | 7      6     3     |
| 6    347     347    | 1      9    35   | 458    2     58    |
:---------------------+------------------+--------------------:
| 2    789     6      | 379    5    379  | 1      4     789   |
| 4    789     578    | 2379   236  1    | 23568  578   25789 |
| 3    179     157    | 4      26   8    | 256    57    2579  |
'---------------------'------------------'--------------------'

