063400000000600004008007109007000023000000000150000800602500400800009000000008570
:0000:x:0634000000006000040080071+690+87000023000+8+700001500008+406025004+9+880+5009000000008570:::
.-----------------.----------------------.---------------.
| 2579  6     3   | 4     12589   125    | 27   58   257 |
| 2579  1279  19  | 6     123589  1235   | 237  358  4   |
| 245   24    8   | 23    235     7      | 1    6    9   |
:-----------------+----------------------+---------------:
| 49    8     7   | 19    14569   1456   | 69   2    3   |
| 2349  2349  469 | 8     7       123456 | 69   15   156 |
| 1     5     69  | 239   2369    236    | 8    4    67  |
:-----------------+----------------------+---------------:
| 6     137   2   | 5     13      13     | 4    9    8   |
| 8     1347  5   | 1237  12346   9      | 236  13   126 |
| 349   1349  149 | 123   12346   8      | 5    7    126 |
'-----------------'----------------------'---------------'

