000840007050000000007003019020000340900502001086000020370400600000000030200036000
:0000:x:00084000705000000+300700301902000034+69005+62001086+30+4+92+5370400600000000030200036000:::
.--------------------.----------------------.-------------------.
| 16     1369  1239  | 8      4       159   | 25      56    7   |
| 1468   5     12489 | 12679  1279    179   | 248     68    3   |
| 468    46    7     | 26     25      3     | 2458    1     9   |
:--------------------+----------------------+-------------------:
| 157    2     15    | 179    1789    1789  | 3       4     6   |
| 9      34    34    | 5      6       2     | 78      78    1   |
| 17     8     6     | 3      17      4     | 9       2     5   |
:--------------------+----------------------+-------------------:
| 3      7     1589  | 4      12589   1589  | 6       589   28  |
| 14568  1469  14589 | 1279   125789  15789 | 124578  3     248 |
| 2      149   14589 | 179    3       6     | 14578   5789  48  |
'--------------------'----------------------'-------------------'

