900400613320190700000000009000017008000000000700360000800000000009045086253001004
:0000:3:9+8+74+5+261332+619+87+4+5+5+4+1+7+3+6+8+29+6+9+2+517+4+38+4+3+5+8+2+9+1+6+77+1+836+4+5+9+28+6+4+9+7+3+2+5+1+1+79+245+386253+6+81+9+74:::348:
.---------.---------.---------.
| 9  8  7 | 4  5  2 | 6  1  3 |
| 3  2  6 | 1  9  8 | 7  4  5 |
| 5  4  1 | 7  3  6 | 8  2  9 |
:---------+---------+---------:
| 6  9  2 | 5  1  7 | 4  3  8 |
| 4  3  5 | 8  2  9 | 1  6  7 |
| 7  1  8 | 3  6  4 | 5  9  2 |
:---------+---------+---------:
| 8  6  4 | 9  7  3 | 2  5  1 |
| 1  7  9 | 2  4  5 | 3  8  6 |
| 2  5  3 | 6  8  1 | 9  7  4 |
'---------'---------'---------'

.---------.---------.----------.
| 9  8  7 | 4  5  2 | 6   1  3 |
| 3  2  6 | 1  9  8 | 7   4  5 |
| 5  4  1 | 7  3  6 | 8   2  9 |
:---------+---------+----------:
| 6  9  2 | 5  1  7 | 4  *3  8 |
| 4  3  5 | 8  2  9 | 1   6  7 |
| 7  1  8 | 3  6  4 | 5   9  2 |
:---------+---------+----------:
| 8  6  4 | 9  7  3 | 2   5  1 |
| 1  7  9 | 2  4  5 | 3   8  6 |
| 2  5  3 | 6  8  1 | 9   7  4 |
'---------'---------'----------'
Full House: r4c8=3
