.....2.....9.6..8..7.1.9..6..6.9.8...2......31.87............4.......5....5.4.9.8
:0000:x:.....2.....9.6..8..7.1.9..6..6.9.8...2......31.87............4.......5....5.4.9.8:::
.------------------------.------------------------.---------------------.
| 34568    134568  134   | 3458    3578    2      | 1347   13579  14579 |
| 2345     1345    9     | 345     6       3457   | 12347  8      12457 |
| 23458    7       234   | 1       358     9      | 234    235    6     |
:------------------------+------------------------+---------------------:
| 3457     345     6     | 2345    9       1345   | 8      1257   12457 |
| 4579     2       47    | 4568    158     14568  | 1467   15679  3     |
| 1        3459    8     | 7       235     3456   | 246    2569   2459  |
:------------------------+------------------------+---------------------:
| 236789   13689   1237  | 235689  123578  135678 | 12367  4      127   |
| 2346789  134689  12347 | 23689   12378   13678  | 5      12367  127   |
| 2367     136     5     | 236     4       1367   | 9      12367  8     |
'------------------------'------------------------'---------------------'

