..489.....1..3...4.3.7..2.........5.2.9.1.3.7.7.........3..9.4.8...2..1.....856..
:0000:x:..489.....1..3...4.3.7..2.........5.2.9.1.3.7.7.........3..9.4.8...2..1.....856..:843 863 991::
.--------------------.---------------------.-------------------.
| 567    256   4     | 8       9    126    | 157   367   1356  |
| 5679   1     25678 | 256     3    26     | 5789  6789  4     |
| 569    3     568   | 7       456  146    | 2     689   15689 |
:--------------------+---------------------+-------------------:
| 1346   468   16    | 23469   467  234678 | 1489  5     12689 |
| 2      4568  9     | 456     1    468    | 3     68    7     |
| 13456  7     156   | 234569  456  23468  | 1489  2689  12689 |
:--------------------+---------------------+-------------------:
| 1567   256   3     | 16      67   9      | 578   4     258   |
| 8      4569  567   | 346     2    3467   | 579   1     359   |
| 147    249   127   | 134     8    5      | 6     2379  239   |
'--------------------'---------------------'-------------------'

