8....16.2..6.5.......9..1....15....4.3..8..1.9....73....2..5.......4.7..6.43....9
:0000:x:8....16.2..6.5.......9..1....15....4.3..8..1.9....73....2..5.......4.7..6.43....9:588 589 592 892 295::
.--------------------.-------------------.------------------.
| 8      4579   3579 | 47    37    1     | 6    34579  2    |
| 12347  12479  6    | 2478  5     2348  | 489  34789  378  |
| 23457  2457   357  | 9     2367  23468 | 1    34578  3578 |
:--------------------+-------------------+------------------:
| 27     2678   1    | 5     2369  2369  | 289  26789  4    |
| 2457   3      57   | 246   8     2469  | 259  1      567  |
| 9      24568  58   | 1246  126   7     | 3    2568   568  |
:--------------------+-------------------+------------------:
| 137    1789   2    | 1678  1679  5     | 48   3468   1368 |
| 135    1589   3589 | 1268  4     2689  | 7    2368   1368 |
| 6      17     4    | 3     17    28    | 258  258    9    |
'--------------------'-------------------'------------------'

