.....5..4...3...1..29.7....5....47..68.....43..71....6....8.96..1...3...8..5.....
:0000:x:.....5..4...3...1..29.7....5.+1..47..68+2.+5.+143..71....6....8.96..1...3...8..5.....:218 318 818 527 229 529 829 944 945 965 966 267 481 287 392 492 393 297::
.------------------.---------------------.------------------.
| 137   367   368  | 2689   1269   5     | 2368  79    4    |
| 47    4567  4568 | 3      2469   2689  | 268   1     79   |
| 134   2     9    | 468    7      168   | 3568  358   58   |
:------------------+---------------------+------------------:
| 5     39    1    | 268    236    4     | 7     289   289  |
| 6     8     2    | 79     5      79    | 1     4     3    |
| 349   349   7    | 1      23     28    | 58    2589  6    |
:------------------+---------------------+------------------:
| 2347  3457  345  | 247    8      127   | 9     6     1257 |
| 279   1     456  | 24679  2469   3     | 458   2578  2578 |
| 8     679   46   | 5      12469  12679 | 34    237   127  |
'------------------'---------------------'------------------'

