900000001030004070006000200050302000000060000000078050002000600040700030100000009
:0000:x:900000001030004070006000200050302000000060000000078050002000600040700030100000009:::
.----------------------.-----------------------.----------------------.
| 9      278    4578   | 2568    2358    3567  | 3458    468    1     |
| 258    3      158    | 125689  12589   4     | 589     7      568   |
| 4578   178    6      | 1589    13589   13579 | 2       489    3458  |
:----------------------+-----------------------+----------------------:
| 4678   5      14789  | 3       149     2     | 14789   14689  4678  |
| 23478  12789  134789 | 1459    6       159   | 134789  12489  23478 |
| 2346   1269   1349   | 149     7       8     | 1349    5      2346  |
:----------------------+-----------------------+----------------------:
| 3578   789    2      | 14589   134589  1359  | 6       148    4578  |
| 568    4      589    | 7       12589   1569  | 158     3      258   |
| 1      678    3578   | 24568   23458   356   | 4578    248    9     |
'----------------------'-----------------------'----------------------'

