000406000020000080003020700100705009006000400900203001007010200080000030000604000
:0000:x:00040600002000+708000302070010070500900600040090020300100701020008000+2030000604000:813 845 851 859 865 897::
.-------------------.------------------.--------------------.
| 578   1579   159  | 4     3589   6   | 1359   1259   235  |
| 456   2      1459 | 1359  359    7   | 13569  8      3456 |
| 4568  14569  3    | 1589  2      189 | 7      14569  456  |
:-------------------+------------------+--------------------:
| 1     34     248  | 7     46     5   | 368    26     9    |
| 2357  357    6    | 189   89     189 | 4      257    2357 |
| 9     457    458  | 2     46     3   | 568    567    1    |
:-------------------+------------------+--------------------:
| 3456  34569  7    | 3589  1      89  | 2      4569   4568 |
| 456   8      1459 | 59    579    2   | 1569   3      4567 |
| 235   1359   1259 | 6     35789  4   | 159    1579   578  |
'-------------------'------------------'--------------------'

