009207000002050916800000000000042001203090605500680000000000004317020500000108200
:0000:x:+109207000+7+32+85+491680+40+10000+90+6+542001203+79+160550+168+3000+6+2+800+5+104317+420500+4+9+5108200:468 768 769::
.----------.-------------.----------------.
| 1  56  9 | 2   36   7  | 348  3458  38  |
| 7  3   2 | 8   5    4  | 9    1     6   |
| 8  56  4 | 39  1    69 | 37   2357  237 |
:----------+-------------+----------------:
| 9  78  6 | 5   4    2  | 378  378   1   |
| 2  48  3 | 7   9    1  | 6    48    5   |
| 5  47  1 | 6   8    3  | 47   29    29  |
:----------+-------------+----------------:
| 6  2   8 | 39  37   5  | 1    379   4   |
| 3  1   7 | 4   2    69 | 5    689   89  |
| 4  9   5 | 1   367  8  | 2    367   37  |
'----------'-------------'----------------'

