800000000003600000070090200050007000000045700000100030001000068008500010090000400
:0000:x:800000000003600000070090200050007000000045700000100030001000068008500010090000400:::
.----------------------.----------------------.-----------------------.
| 8       1246   24569 | 2347   12357   1234  | 13569  4579   1345679 |
| 12459   124    3     | 6      12578   1248  | 1589   45789  14579   |
| 1456    7      456   | 348    9       1348  | 2      458    13456   |
:----------------------+----------------------+-----------------------:
| 123469  5      2469  | 2389   2368    7     | 1689   2489   12469   |
| 12369   12368  269   | 2389   4       5     | 7      289    1269    |
| 24679   2468   24679 | 1      268     2689  | 5689   3      24569   |
:----------------------+----------------------+-----------------------:
| 23457   234    1     | 23479  237     2349  | 359    6      8       |
| 23467   2346   8     | 5      2367    23469 | 39     1      2379    |
| 23567   9      2567  | 2378   123678  12368 | 4      257    2357    |
'----------------------'----------------------'-----------------------'

