92..8.5.73..9.7..6......8....4......6..7..3.525...........19.6.5..2.....8.96....2
:0000:x:92..8.5.73..9.7..6......8....4......6..7..3.525+3.......+3+2+519.6+85..2.+8...8.96...+52:747 748 385::
.-----------------.--------------------.--------------------.
| 9    2     16   | 134  8      1346   | 5      134    7    |
| 3    148   158  | 9    245    7      | 124    124    6    |
| 147  1467  1567 | 134  23456  123456 | 8      12349  1349 |
:-----------------+--------------------+--------------------:
| 17   1789  4    | 138  23569  12356  | 1269   1289   19   |
| 6    189   18   | 7    249    124    | 3      12489  5    |
| 2    5     3    | 148  469    146    | 14679  14789  149  |
:-----------------+--------------------+--------------------:
| 47   3     2    | 5    1      9      | 47     6      8    |
| 5    1467  167  | 2    47     8      | 1479   13479  1349 |
| 8    147   9    | 6    347    34     | 147    5      2    |
'-----------------'--------------------'--------------------'

