7....6.2....5..7......2..89.13.....4..6...2..5.....13.23..7......9..8....8.4....6
:0000:x:7....6.2....5..7.....+72..89.13+2.+7..4..6...2..5...+6.13.23.+67......9..8..+2+18.4.+2..6:317 337 758::
.-------------------.---------------------.-----------------.
| 7      459   1458 | 1389  13489   6     | 45    2     135 |
| 34689  2469  1248 | 5     13489   1349  | 7     146   13  |
| 346    456   145  | 7     2       134   | 456   8     9   |
:-------------------+---------------------+-----------------:
| 89     1     3    | 2     589     7     | 5689  569   4   |
| 489    479   6    | 1389  134589  13459 | 2     59    578 |
| 5      2479  2478 | 89    6       49    | 1     3     78  |
:-------------------+---------------------+-----------------:
| 2      3     45   | 6     7       159   | 4589  1459  158 |
| 46     4567  9    | 13    135     8     | 345   1457  2   |
| 1      8     57   | 4     359     2     | 359   579   6   |
'-------------------'---------------------'-----------------'

