1.....9...3...7.4...5.....2.....6.7.....1.....4.3.8...9.......5.7.8...3...2...1..
:0000:x:1.....9...3...7.4...5.....2.....6.7.....1.....4.3.8...9.......5.7.8...3...2...1..:::
.----------------------.----------------------.----------------------.
| 1       268    4678  | 2456   234568  2345  | 9       568    3678  |
| 268     3      689   | 12569  25689   7     | 568     4      168   |
| 4678    689    5     | 1469   34689   1349  | 3678    168    2     |
:----------------------+----------------------+----------------------:
| 2358    12589  1389  | 2459   2459    6     | 23458   7      13489 |
| 235678  25689  36789 | 24579  1       2459  | 234568  25689  34689 |
| 2567    4      1679  | 3      2579    8     | 256     12569  169   |
:----------------------+----------------------+----------------------:
| 9       168    13468 | 12467  23467   1234  | 24678   268    5     |
| 456     7      146   | 8      24569   12459 | 246     3      469   |
| 34568   568    2     | 45679  345679  3459  | 1       689    46789 |
'----------------------'----------------------'----------------------'

