98.7.....7.6...8...54......6..8..3......9..2......4..1.3.6..7......5..9......1..4
:0000:x:98.7.....7.6...8...54......6..8..3......9..2......4..1.3.6..7......5..9......1..4:::
.----------------------.----------------------.---------------------.
| 9      8      123    | 7       12346  2356  | 12456  13456  2356  |
| 7      12     6      | 123459  1234   2359  | 8      1345   2359  |
| 123    5      4      | 1239    12368  23689 | 1269   1367   23679 |
:----------------------+----------------------+---------------------:
| 6      12479  12579  | 8       127    257   | 3      457    579   |
| 13458  147    13578  | 135     9      3567  | 456    2      5678  |
| 2358   279    235789 | 235     2367   4     | 569    5678   1     |
:----------------------+----------------------+---------------------:
| 12458  3      12589  | 6       248    289   | 7      158    258   |
| 1248   12467  1278   | 234     5      2378  | 126    9      2368  |
| 258    2679   25789  | 239     2378   1     | 256    3568   4     |
'----------------------'----------------------'---------------------'

