980700600504000000030080000070090300005000020000001005000930800000002004000000010
:0000:x:980700600504000000030080000070090300005000020000001005000930800000002004000000010:737 738 739 181 182 183::
.-----------------------.--------------------.----------------------.
| 9       8      12     | 7      1245  345   | 6      345    123    |
| 5       126    4      | 1236   126   369   | 1279   3789   123789 |
| 1267    3      1267   | 12456  8     4569  | 12459  459    129    |
:-----------------------+--------------------+----------------------:
| 12468   7      1268   | 24568  9     4568  | 3      468    168    |
| 13468   1469   5      | 3468   467   34678 | 1479   2      16789  |
| 23468   2469   23689  | 23468  2467  1     | 479    46789  5      |
:-----------------------+--------------------+----------------------:
| 12467   12456  1267   | 9      3     4567  | 8      567    267    |
| 3678    569    36789  | 1568   1567  2     | 579    35679  4      |
| 234678  24569  236789 | 4568   4567  45678 | 2579   1      23679  |
'-----------------------'--------------------'----------------------'

