000000004010003090600090800000305000007100000030002010004000700090500020800000006
:0000:x:000000004010003090600090800000305000007100000030002010004000700090500020800000006:::
.---------------------.----------------------.----------------------.
| 23579  2578   23589 | 2678   125678  1678  | 12356   3567   4     |
| 2457   1      258   | 24678  245678  3     | 256     9      257   |
| 6      2457   235   | 247    9       147   | 8       357    12357 |
:---------------------+----------------------+----------------------:
| 1249   2468   12689 | 3      4678    5     | 2469    4678   2789  |
| 2459   24568  7     | 1      468     4689  | 234569  34568  23589 |
| 459    3      5689  | 46789  4678    2     | 4569    1      5789  |
:---------------------+----------------------+----------------------:
| 1235   256    4     | 2689   12368   1689  | 7       358    13589 |
| 137    9      136   | 5      134678  14678 | 134     2      138   |
| 8      257    1235  | 2479   12347   1479  | 13459   345    6     |
'---------------------'----------------------'----------------------'

