000002784200000090070000010000004270302001000005080000010300900004800300030000060
:0000:x:00+300278420+1+4+7+809+3+47+800+301+2+1+800+34270302+701+8+40+7+45+280+1+300103+409+200+248003+500300+20+460:511 914 615 915 534 944 659 671 986 991 594 796::
.-------------.---------------.------------.
| 69  569  3  | 156  15   2   | 7   8  4   |
| 2   56   1  | 4    7    8   | 56  9  3   |
| 4   7    8  | 69   569  3   | 56  1  2   |
:-------------+---------------+------------:
| 1   8    69 | 56   3    4   | 2   7  569 |
| 3   69   2  | 7    569  1   | 8   4  59  |
| 7   4    5  | 2    8    69  | 1   3  69  |
:-------------+---------------+------------:
| 58  1    67 | 3    4    567 | 9   2  78  |
| 69  2    4  | 8    169  67  | 3   5  17  |
| 58  3    79 | 19   2    59  | 4   6  178 |
'-------------'---------------'------------'

