100000002090400050006000700050903000000074000000850040700000600030009080002000001
:0000:x:100000002090400050006000700050903000000074000000850040700000600030009080002000001:812 713 614 615 716 816 225 325 825 126 626 826 231 431 135 235 641 148 248 251 651 852 153 154 157 257 358 958 659 162 266 167 669 472 173 873 274 175 275 176 483 584 485 691 695::
.-----------------.-----------------.-----------------.
| 1     47   3458 | 357   389  56   | 3489  369  2    |
| 238   9    378  | 4     16   27   | 138   5    368  |
| 358   248  6    | 1235  389  1258 | 7     139  3489 |
:-----------------+-----------------+-----------------:
| 248   5    1478 | 9     126  3    | 128   67   678  |
| 389   126  389  | 26    7    4    | 3589  126  3589 |
| 2369  267  1379 | 8     5    16   | 239   4    379  |
:-----------------+-----------------+-----------------:
| 7     18   459  | 135   348  258  | 6     239  3459 |
| 456   3    15   | 1267  126  9    | 245   8    457  |
| 4589  468  2    | 3567  348  5678 | 3459  379  1    |
'-----------------'-----------------'-----------------'

