402603078800070360637080200006000082028006000540827036960000807183765429270008603
:0000:x:402603078800070360637080200006000082028006000540827036960000807183765429270008603:523 138 538 454 455 158 558::
.-------------.--------------------.---------------.
| 4   159  2  | 6      159    3    | 159   7   8   |
| 8   159  19 | 12459  7      1249 | 3     6   145 |
| 6   3    7  | 1459   8      149  | 2     49  145 |
:-------------+--------------------+---------------:
| 37  19   6  | 13459  13459  149  | 1579  8   2   |
| 37  2    8  | 1359   1359   6    | 1579  49  145 |
| 5   4    19 | 8      2      7    | 19    3   6   |
:-------------+--------------------+---------------:
| 9   6    45 | 1234   134    124  | 8     15  7   |
| 1   8    3  | 7      6      5    | 4     2   9   |
| 2   7    45 | 149    149    8    | 6     15  3   |
'-------------'--------------------'---------------'

