700002030000009600080050002000000960506000201028000000800070050004800000030100006
:0000:x:700002030000009600080050002000000960506000201028000000800070050004800000030100006:117 636 137 344 345 845 346 546 855 955 364 365 366 566 374 474 674 182 682 982 188 988 293 993::
.--------------------.-------------------.--------------------.
| 7      14569  159  | 46     1468  2    | 458   3      4589  |
| 1234   145    1235 | 347    1348  9    | 6     1478   4578  |
| 13469  8      139  | 3467   5     1347 | 47    1479   2     |
:--------------------+-------------------+--------------------:
| 134    147    137  | 2457   124   1478 | 9     6      34578 |
| 5      479    6    | 3479   34    3478 | 2     478    1     |
| 1349   2      8    | 45679  1469  1467 | 3457  47     3457  |
:--------------------+-------------------+--------------------:
| 8      169    129  | 29     7     346  | 134   5      349   |
| 1269   57     4    | 8      2369  356  | 137   27     379   |
| 29     3      57   | 1      249   45   | 478   24789  6     |
'--------------------'-------------------'--------------------'

