700000002040000070000905000001608200000050000005207900000109000060000080400000003
:0000:x:700+400002040+8000700009+75000+3+716+9820000+4+35+10+60+6+852+479+3+100010900006000+4080400000003:315 221 223 325::
.------------------.---------------.-------------------.
| 7     1359  3689 | 4   16    36  | 13568  159   2    |
| 159   4     369  | 8   126   236 | 1356   7     569  |
| 128   123   2368 | 9   7     5   | 13468  14    468  |
:------------------+---------------+-------------------:
| 3     7     1    | 6   9     8   | 2      45    45   |
| 29    29    4    | 3   5     1   | 78     6     78   |
| 6     8     5    | 2   4     7   | 9      3     1    |
:------------------+---------------+-------------------:
| 258   235   2378 | 1   2368  9   | 4567   245   4567 |
| 1259  6     2379 | 57  23    4   | 157    8     579  |
| 4     1259  2789 | 57  268   26  | 1567   1259  3    |
'------------------'---------------'-------------------'

