100020300040500060000000000070006050300050800500907000800010004050700090000000200
:0000:x:100020300040500060000000000070006050300050800500907000800010004050700090000000200:613 813 913 723 923 325 825 926 729 231 632 633 335 435 835 738 539 739 444 458 773 976 677 683 685 991 692 992 993 694 395 495 895 798 799::
.-------------------.-------------------.--------------------.
| 1    689   57     | 468    2    489   | 3      478   5789  |
| 279  4     238    | 5      79   138   | 179    6     1289  |
| 679  2389  235789 | 13468  679  13489 | 14579  1248  1289  |
:-------------------+-------------------+--------------------:
| 249  7     12489  | 1238   348  6     | 149    5     1239  |
| 3    1269  12469  | 124    5    124   | 8      127   12679 |
| 5    1268  12468  | 9      348  7     | 146    1234  1236  |
:-------------------+-------------------+--------------------:
| 8    2369  2369   | 236    1    235   | 57     37    4     |
| 246  5     1234   | 7      348  2348  | 16     9     1368  |
| 467  13    13467  | 348    69   34589 | 2      138   13568 |
'-------------------'-------------------'--------------------'

