008003001600200070000060204000700900060032140003001000805020010070008005900300400
:0000:x:008003001600200070000060204000700900060032140003001000805020010070008005900300400:425 525 925 327 829 731 332 534 934 441 142 442 648 848 849 864 868 869 379 484 388::
.-------------------.------------------.------------------.
| 2457  2459   8    | 459   4579  3    | 56    569   1    |
| 6     13459  149  | 2     18    459  | 58    7     39   |
| 135   159    179  | 18    6     579  | 2     3589  4    |
:-------------------+------------------+------------------:
| 125   258    124  | 7     458   456  | 9     235   236  |
| 57    6      79   | 589   3     2    | 1     4     78   |
| 2457  24589  3    | 4569  4589  1    | 5678  256   267  |
:-------------------+------------------+------------------:
| 8     34     5    | 469   2     4679 | 367   1     679  |
| 1234  7      1246 | 169   149   8    | 36    269   5    |
| 9     12     126  | 3     157   567  | 4     268   2678 |
'-------------------'------------------'------------------'

