003009001600400000080070090000800000090060020508004006000300070002000480010002009
:0000:x:00300900160+9400000080070090000800+900090060+52+85080040+16000300+17+200200048+5+810002009:717 722 134 136 441 442 443 146 346 693 694::
.-----------------.-------------------.----------------.
| 247   2457  3   | 256   258    9    | 268   456  1   |
| 6     25    9   | 4     12358  1358 | 2378  35   37  |
| 124   8     145 | 256   7      356  | 236   9    34  |
:-----------------+-------------------+----------------:
| 1237  2367  167 | 8     1235   57   | 9     34   347 |
| 1347  9     147 | 17    6      137  | 5     2    8   |
| 5     237   8   | 279   239    4    | 37    1    6   |
:-----------------+-------------------+----------------:
| 49    456   456 | 3     4589   568  | 1     7    2   |
| 379   367   2   | 1679  19     167  | 4     8    5   |
| 8     1     457 | 57    45     2    | 36    36   9   |
'-----------------'-------------------'----------------'

