000600004000003200008050097070008001201000805800200060910040500002100000300007000
:0000:x:000600004000003200008+4500970700080+21201000805800200060910040500002100000300007000:723 679::
.--------------------.------------------.-------------------.
| 157    2359  3579  | 6    12789  129  | 13     1358  4    |
| 14567  4569  4569  | 789  1789   3    | 2      158   68   |
| 16     236   8     | 4    5      12   | 136    9     7    |
:--------------------+------------------+-------------------:
| 456    7     34569 | 359  369    8    | 349    2     1    |
| 2      3469  1     | 379  3679   469  | 8      347   5    |
| 8      3459  3459  | 2    1379   1459 | 3479   6     39   |
:--------------------+------------------+-------------------:
| 9      1     67    | 38   4      26   | 5      378   238  |
| 4567   4568  2     | 1    3689   569  | 34679  3478  3689 |
| 3      4568  456   | 589  2689   7    | 1469   148   2689 |
'--------------------'------------------'-------------------'

