409170000650000002200000000000700400090064800000520003005001040000005006130000000
:0000:x:4+8917+200+565+1+40+30022+7+30+5+600+4+3007+1+84+5+9+59+7+3648+2+1+8+1+452+9003+90500104+7+7+4+80050061300+4+7+5+9+8:::
.-----------.------------.------------.
| 4  8   9  | 1    7   2 | 36   36  5 |
| 6  5   1  | 4    89  3 | 79   78  2 |
| 2  7   3  | 89   5   6 | 19   18  4 |
:-----------+------------+------------:
| 3  26  26 | 7    1   8 | 4    5   9 |
| 5  9   7  | 3    6   4 | 8    2   1 |
| 8  1   4  | 5    2   9 | 67   67  3 |
:-----------+------------+------------:
| 9  26  5  | 268  38  1 | 23   4   7 |
| 7  4   8  | 29   39  5 | 123  13  6 |
| 1  3   26 | 26   4   7 | 5    9   8 |
'-----------'------------'------------'

