006005020400000700050290006000600080100079000080000400000000001000500800700406300
:0000:x:0+16+705+9204+9+2+1+607+5005+7290+106+2+7+3600+58+91+4+5+879000+68+9+3+5+24+1+7+500+900001+9005008007+204063+9+5:::
.------------.-------------.--------------.
| 38  1   6  | 7  348  5   | 9   2    348 |
| 4   9   2  | 1  6    38  | 7   5    38  |
| 38  5   7  | 2  9    348 | 1   34   6   |
:------------+-------------+--------------:
| 2   7   3  | 6  14   14  | 5   8    9   |
| 1   4   5  | 8  7    9   | 26  36   23  |
| 6   8   9  | 3  5    2   | 4   1    7   |
:------------+-------------+--------------:
| 5   36  48 | 9  238  378 | 26  467  1   |
| 9   36  14 | 5  123  137 | 8   467  24  |
| 7   2   18 | 4  18   6   | 3   9    5   |
'------------'-------------'--------------'

