000009086056010000000050000080290040000040001370000200190005000700000000802000004
:0000:x:+4+1+7+3+29+5860560100000+3+8050000+58+1290+640+6+2+9+540+80137+4+1002+9+519+3+405+7007+4+50+3+20008+62+9+7+1+3+54:726 736::
.----------.------------.----------------.
| 4   1  7 | 3   2   9  | 5    8    6    |
| 29  5  6 | 78  1   48 | 49   237  2379 |
| 29  3  8 | 67  5   46 | 149  127  279  |
:----------+------------+----------------:
| 5   8  1 | 2   9   37 | 6    4    37   |
| 6   2  9 | 5   4   37 | 8    37   1    |
| 3   7  4 | 1   68  68 | 2    9    5    |
:----------+------------+----------------:
| 1   9  3 | 4   68  5  | 7    26   28   |
| 7   4  5 | 68  3   2  | 19   16   89   |
| 8   6  2 | 9   7   1  | 3    5    4    |
'----------'------------'----------------'

