040010300800300000200000500009130000060900005000007002000004000080650040720000100
:0000:x:+6400103008+903000002+30+4+80500+5+7913+2000+36+29+4+8+7+15+4+1+8+5+67+9+32+1+5+6004+8+9+3+98+365+1+24+772+4+8+9+31+5+6:::
.-----------.------------.-------------.
| 6  4  57  | 27  1   59 | 3   278  89 |
| 8  9  157 | 3   27  56 | 46  267  14 |
| 2  3  17  | 4   8   69 | 5   67   19 |
:-----------+------------+-------------:
| 5  7  9   | 1   3   2  | 46  68   48 |
| 3  6  2   | 9   4   8  | 7   1    5  |
| 4  1  8   | 5   6   7  | 9   3    2  |
:-----------+------------+-------------:
| 1  5  6   | 27  27  4  | 8   9    3  |
| 9  8  3   | 6   5   1  | 2   4    7  |
| 7  2  4   | 8   9   3  | 1   5    6  |
'-----------'------------'-------------'

