010000002300000040005006700000023600000405000007810000006900500040000003200000060
:0000:x:+610+3+7+40+523+7+2+50+104+6+405+2067+3+1+10+4+72360+50+2+34+65+100+5+6781+9+3+2+40+369+4+25+1004+1+6+50+2032+50+1+30+460:::
.-------------.-----------.--------------.
| 6    1   89 | 3  7   4  | 89  5    2   |
| 3    7   2  | 5  89  1  | 89  4    6   |
| 4    89  5  | 2  89  6  | 7   3    1   |
:-------------+-----------+--------------:
| 1    89  4  | 7  2   3  | 6   89   5   |
| 89   2   3  | 4  6   5  | 1   789  789 |
| 5    6   7  | 8  1   9  | 3   2    4   |
:-------------+-----------+--------------:
| 78   3   6  | 9  4   2  | 5   1    78  |
| 789  4   1  | 6  5   78 | 2   789  3   |
| 2    5   89 | 1  3   78 | 4   6    789 |
'-------------'-----------'--------------'

