000029100000600000106005800401000090500080007060000503008400609000007000004860000
:0000:x:0000291000006+1+8+9001+960+4580+2401+500+290500080+40706000+45030084006+29+600007+300+904860+7+5+1:312 318 718 222 322 428 342 253 254 354 356 764 372 282::
.-----------------.--------------.------------.
| 378  4578  357  | 37   2   9   | 1  46  456 |
| 237  457   2357 | 6    1   8   | 9  37  45  |
| 1    9     6    | 37   4   5   | 8  37  2   |
:-----------------+--------------+------------:
| 4    78    1    | 5    37  36  | 2  9   68  |
| 5    23    39   | 19   8   126 | 4  16  7   |
| 278  6     279  | 129  79  4   | 5  18  3   |
:-----------------+--------------+------------:
| 37   157   8    | 4    35  13  | 6  2   9   |
| 6    15    25   | 129  59  7   | 3  48  48  |
| 9    23    4    | 8    6   23  | 7  5   1   |
'-----------------'--------------'------------'

