000123000000405000003000600470000035300000002250000061007000500000208000000379000
:0000:x:000123+700+7004+6500000300+760+447+60+1+2035300+50+6+4+72250+7+3+4061007+6+4+15000002+5800+700037900+6:827 927 831 931 832 932 838 938 987 897::
.--------------------.-----------.----------------.
| 5689  4689   4589  | 1   2   3 | 7    589   89  |
| 7     1289   1289  | 4   6   5 | 123  1289  389 |
| 15    12     3     | 89  89  7 | 6    125   4   |
:--------------------+-----------+----------------:
| 4     7      6     | 89  1   2 | 89   3     5   |
| 3     189    189   | 5   89  6 | 4    7     2   |
| 2     5      89    | 7   3   4 | 89   6     1   |
:--------------------+-----------+----------------:
| 89    2389   7     | 6   4   1 | 5    289   389 |
| 169   13469  149   | 2   5   8 | 13   149   7   |
| 158   1248   12458 | 3   7   9 | 12   1248  6   |
'--------------------'-----------'----------------'

