910020300600000450000940062009008000406000703000200800360095000045000001002010035
:0000:x:91+4+52+63006+200+8+145+9+50+8940+162+209008+5+104+86+1+5+97+23+1+502008+9036+1095+2+4004500+2+9010+92010+635:744 766 784 884 785::
.------------.--------------.-----------.
| 9   1   4  | 5    2    6  | 3  78  78 |
| 6   2   37 | 37   8    1  | 4  5   9  |
| 5   37  8  | 9    4    37 | 1  6   2  |
:------------+--------------+-----------:
| 2   37  9  | 346  367  8  | 5  1   46 |
| 4   8   6  | 1    5    9  | 7  2   3  |
| 1   5   37 | 2    367  34 | 8  9   46 |
:------------+--------------+-----------:
| 3   6   1  | 78   9    5  | 2  4   78 |
| 78  4   5  | 36   36   2  | 9  78  1  |
| 78  9   2  | 478  1    47 | 6  3   5  |
'------------'--------------'-----------'

