007200403500000080009008006050600800003000000700102009100040607200001000074900010
:0000:x:0072004+93500000+7800090080+560506008000030000007001020091+9004+36+27200001+9000749+20010:122 222 623 125 325 626 335 745 449 452 652 852 754 755 556 557 159 259::
.-----------------.----------------.--------------.
| 68    168   7   | 2    156   56  | 4   9    3   |
| 5     346   12  | 34   69    49  | 7   8    12  |
| 34    1234  9   | 347  17    8   | 12  5    6   |
:-----------------+----------------+--------------:
| 49    5     12  | 6    39    479 | 8   347  12  |
| 4689  12    3   | 458  589   479 | 12  467  45  |
| 7     468   68  | 1    358   2   | 35  346  9   |
:-----------------+----------------+--------------:
| 1     9     58  | 58   4     3   | 6   2    7   |
| 2     368   568 | 578  5678  1   | 9   34   458 |
| 368   7     4   | 9    2     56  | 35  1    58  |
'-----------------'----------------'--------------'

