001000200000103000300020004030504060005000700080709050200060001000405000004000800
:0000:x:0+410+5020+3+5+201+43000300020+5+14+73+25+84+16+9+1+95+6+3+27+4+8+48+67+19+35+22+50+36+8+401+8+1+34050+20004+20+18+3+5:733::
.-------------.------------.-------------.
| 69  4   1   | 89  5   67 | 2   789  3  |
| 5   2   789 | 1   4   3  | 69  789  67 |
| 3   67  89  | 89  2   67 | 5   1    4  |
:-------------+------------+-------------:
| 7   3   2   | 5   8   4  | 1   6    9  |
| 1   9   5   | 6   3   2  | 7   4    8  |
| 4   8   6   | 7   1   9  | 3   5    2  |
:-------------+------------+-------------:
| 2   5   79  | 3   6   8  | 4   79   1  |
| 8   1   3   | 4   79  5  | 69  2    67 |
| 69  67  4   | 2   79  1  | 8   3    5  |
'-------------'------------'-------------'

