000900450600500000010080207000700000030092700008040000506000049000600070000004000
:0000:x:00090045+66005+2+70+80+31+5+48+62+970+507+60+80+4030+8927+6+5+7+6804+5+9+205+260+7+804900060+9+57+2000+2+54+60+8:141 143::
.---------------.------------.------------.
| 28   78  27   | 9   13  13 | 4   5   6  |
| 6    49  49   | 5   2   7  | 13  8   13 |
| 3    1   5    | 4   8   6  | 2   9   7  |
:---------------+------------+------------:
| 29   5   29   | 7   6   13 | 8   13  4  |
| 14   3   14   | 8   9   2  | 7   6   5  |
| 7    6   8    | 13  4   5  | 9   2   13 |
:---------------+------------+------------:
| 5    2   6    | 13  7   8  | 13  4   9  |
| 148  48  134  | 6   13  9  | 5   7   2  |
| 19   79  1379 | 2   5   4  | 6   13  8  |
'---------------'------------'------------'

