200400030000000560006000100400060001000580200000003805048079000530000000000802000
:0000:x:2+5040+603+8+30+40+2+8560+8060+3+51+2+44+8+5+26+7+3+9100+358020+6+6+20003805+148+379+6+5+253+2+6000+800+608+52+4+1+3:963::
.--------------.--------------.------------.
| 2   5    179 | 4    19   6  | 79  3   8  |
| 3   179  4   | 179  2    8  | 5   6   79 |
| 8   79   6   | 79   3    5  | 1   2   4  |
:--------------+--------------+------------:
| 4   8    5   | 2    6    7  | 3   9   1  |
| 79  179  3   | 5    8    14 | 2   47  6  |
| 6   2    17  | 19   149  3  | 8   47  5  |
:--------------+--------------+------------:
| 1   4    8   | 3    7    9  | 6   5   2  |
| 5   3    2   | 6    14   14 | 79  8   79 |
| 79  6    79  | 8    5    2  | 4   1   3  |
'--------------'--------------'------------'

