025010700800050006600800001002095008980600000000700904200008409000000050078509600
:0000:x:+425+91+67+8+3800050+206600800+501+7020950+689806000+7+5+5+607+809+242+5+60+78409000+2+60+85+70785+4960+2:326 336 156 356 182 382 183 383::
.---------------.--------------.-----------.
| 4   2    5    | 9    1   6   | 7   8   3 |
| 8   139  1379 | 34   5   47  | 2   49  6 |
| 6   39   379  | 8    23  247 | 5   49  1 |
:---------------+--------------+-----------:
| 7   134  2    | 134  9   5   | 13  6   8 |
| 9   8    134  | 6    23  24  | 13  7   5 |
| 5   6    13   | 7    8   13  | 9   2   4 |
:---------------+--------------+-----------:
| 2   5    6    | 13   7   8   | 4   13  9 |
| 13  49   49   | 2    6   13  | 8   5   7 |
| 13  7    8    | 5    4   9   | 6   13  2 |
'---------------'--------------'-----------'

