000400870000003002000068504000000007025040908080000000700080003094016000030900040
:0000:x:00+340087+900+80+93002+90+20685+3400+9+800007+32504+790808+700+90007+50+28+40+93+294+316+7+8+5+8309+7+5+240:121 621 122 622 124 147 647 148 648 661 167 667 168 668::
.--------------.--------------.------------.
| 156  16   3  | 4    25   12 | 8   7   9  |
| 45   47   8  | 57   9    3  | 16  16  2  |
| 9    17   2  | 17   6    8  | 5   3   4  |
:--------------+--------------+------------:
| 146  146  9  | 8    235  12 | 34  25  7  |
| 3    2    5  | 16   4    7  | 9   16  8  |
| 14   8    7  | 156  235  9  | 34  25  16 |
:--------------+--------------+------------:
| 7    5    16 | 2    8    4  | 16  9   3  |
| 2    9    4  | 3    1    6  | 7   8   5  |
| 8    3    16 | 9    7    5  | 2   4   16 |
'--------------'--------------'------------'

