100200003000005470000030060000007080000020300050100002901000000200400000073000006
:0000:x:10+72000+53+6+3+2005470+50+8+730+260+3+20+607+18+5+8+1+6+52030+7+7501+8+3+602901+3000+2+420+54000+30+47300+20+16:416 916 675 877::
.-----------.----------------.--------------.
| 1  49  7  | 2   469   68   | 89   5   3   |
| 6  3   2  | 89  19    5    | 4    7   189 |
| 5  49  8  | 7   3     149  | 2    6   19  |
:-----------+----------------+--------------:
| 3  2   49 | 6   49    7    | 1    8   5   |
| 8  1   6  | 5   2     49   | 3    49  7   |
| 7  5   49 | 1   8     3    | 6    49  2   |
:-----------+----------------+--------------:
| 9  68  1  | 3   57    68   | 57   2   4   |
| 2  68  5  | 4   1679  1689 | 789  3   89  |
| 4  7   3  | 89  59    2    | 589  1   6   |
'-----------'----------------'--------------'

