060000040090204006004009780000000890400308002058000000087100400100906020020000010
:0000:x:060000+24+9090204006+2+34009780+30+200089040+9308+602+6580+9+2000+9871+2+54+6+31+4+3906+520+52+6000+910:715 815 125 325 525 744 145 745 149 749 755 769 795 895::
.------------.---------------.------------.
| 78  6   15 | 578  135  137 | 2   4   9  |
| 78  9   15 | 2    78   4   | 13  35  6  |
| 2   3   4  | 56   156  9   | 7   8   15 |
:------------+---------------+------------:
| 3   17  2  | 456  456  17  | 8   9   45 |
| 4   17  9  | 3    15   8   | 6   57  2  |
| 6   5   8  | 47   9    2   | 13  37  14 |
:------------+---------------+------------:
| 9   8   7  | 1    2    5   | 4   6   3  |
| 1   4   3  | 9    78   6   | 5   2   78 |
| 5   2   6  | 478  34   37  | 9   1   78 |
'------------'---------------'------------'

