700600301046000090200040080000403008004060100500807000020080003070000810408009006
:0000:x:7006003+41046000090200040+68000+740300800406010050+28+17000020080003070000810408009006:321 124 224 724 225 226 526 729 134 334 641 947 959 962 176 576 577 777 286 586 289 589 294 794 295 798::
.-----------------.---------------.----------------.
| 7    589   59   | 6    259  258 | 3    4     1   |
| 18   4     6    | 35   357  18  | 257  9     25  |
| 2    1359  1359 | 579  4    15  | 6    8     57  |
:-----------------+---------------+----------------:
| 19   169   7    | 4    259  3   | 25   256   8   |
| 389  389   4    | 259  6    25  | 1    2357  257 |
| 5    36    2    | 8    1    7   | 49   36    49  |
:-----------------+---------------+----------------:
| 169  2     159  | 157  8    46  | 49   57    3   |
| 369  7     359  | 235  235  46  | 8    1     49  |
| 4    135   8    | 135  357  9   | 257  25    6   |
'-----------------'---------------'----------------'

