007020305802060910030900000000000600000246000009000000000002070096050204408070500
:0000:x:+90702+43058+42+36+591+703090+7+40000+400+960000024600+90090000+40000+4+92+87+6+7960502+344+28+67+35+9+1:341 144 844 361 164 864::
.------------------.-------------.--------------.
| 9     16     7   | 18  2    4  | 3   68   5   |
| 8     4      2   | 3   6    5  | 9   1    7   |
| 156   3      15  | 9   18   7  | 4   268  28  |
:------------------+-------------+--------------:
| 125   1578   4   | 57  138  9  | 6   258  238 |
| 135   1578   135 | 2   4    6  | 17  58   9   |
| 1256  15678  9   | 57  138  18 | 17  4    238 |
:------------------+-------------+--------------:
| 135   15     135 | 4   9    2  | 8   7    6   |
| 7     9      6   | 18  5    18 | 2   3    4   |
| 4     2      8   | 6   7    3  | 5   9    1   |
'------------------'-------------'--------------'

