000006102807003506002070080006000400000080000003000600050090800708400301601700000
:0000:x:000+8061+728+17+9+235+460+62070+98+3006000400+100+680+7+3000300060005+40908+6+77084+6030160170+8+20+4:912 242 942 144 146 246 546 548 948 952 556 956 262 462 962 164 166 266 466 566 568 968::
.--------------.---------------.------------.
| 3459  34  59 | 8    45   6   | 1  7   2   |
| 8     1   7  | 9    2    3   | 5  4   6   |
| 45    6   2  | 15   7    145 | 9  8   3   |
:--------------+---------------+------------:
| 259   78  6  | 235  135  79  | 4  12  589 |
| 1     24  59 | 6    8    24  | 7  3   59  |
| 2459  78  3  | 25   145  79  | 6  12  589 |
:--------------+---------------+------------:
| 23    5   4  | 123  9    12  | 8  6   7   |
| 7     29  8  | 4    6    25  | 3  59  1   |
| 6     39  1  | 7    35   8   | 2  59  4   |
'--------------'---------------'------------'

