000400006200000970000005038006040003000601000800050760592104087074500009100002000
:0000:x:00040000620000097000000503800604000300060100+28000507605921040870745000091000020+4+5:512 513 432 234 735 935 744 944 452 964 387 687 394 894 395 695 895::
.---------------------.------------------.--------------.
| 379   138     13789 | 4   123789  3789 | 125  125  6  |
| 2     134568  1358  | 38  1368    368  | 9    7    14 |
| 4679  16      179   | 79  126     5    | 124  3    8  |
:---------------------+------------------+--------------:
| 79    125     6     | 28  4       789  | 158  159  3  |
| 3479  35      3579  | 6   3789    1    | 458  59   2  |
| 8     1234    139   | 23  5       39   | 7    6    14 |
:---------------------+------------------+--------------:
| 5     9       2     | 1   36      4    | 36   8    7  |
| 36    7       4     | 5   368     368  | 12   12   9  |
| 1     368     38    | 79  79      2    | 36   4    5  |
'---------------------'------------------'--------------'

