020046000008000200900205080400000000002081000090460300080500100009030060700009002
:0000:x:+120+84600+3008+1+9+32009002+7508+14000+5000+8002081000+8904603000805+2+4100+2+19+73+8060700+6+19+8+32:748 948 568 768::
.-----------------.-----------.--------------------.
| 1    2     57   | 8   4  6  | 579    579   3     |
| 56   4567  8    | 1   9  3  | 2      457   4567  |
| 9    346   346  | 2   7  5  | 46     8     1     |
:-----------------+-----------+--------------------:
| 4    367   1367 | 39  5  27 | 679    12    8     |
| 356  3567  2    | 39  8  1  | 45679  4579  45679 |
| 8    9     157  | 4   6  27 | 3      12    57    |
:-----------------+-----------+--------------------:
| 36   8     36   | 5   2  4  | 1      79    79    |
| 2    1     9    | 7   3  8  | 45     6     45    |
| 7    45    45   | 6   1  9  | 8      3     2     |
'-----------------'-----------'--------------------'

