000009040100040006700005000020406000006050900010902080000200005900030007080700000
:0000:x:0+50009+7401+9004+70+5670000500002+9406+5+700+7605+39000109+72+68000+7200005900+530007080700000:811 615 319 827 635 837 339 175 875 377 378 483 391 491 691 393 493 195 399 499::
.----------------.----------------.-------------------.
| 236  5    238  | 1368  128  9   | 7     4      128  |
| 1    9    238  | 38    4    7   | 23    5      6    |
| 7    346  2348 | 1368  128  5   | 123   1239   1289 |
:----------------+----------------+-------------------:
| 38   2    9    | 4     18   6   | 5     7      13   |
| 48   7    6    | 18    5    3   | 9     12     124  |
| 345  1    345  | 9     7    2   | 6     8      34   |
:----------------+----------------+-------------------:
| 346  346  7    | 2     69   148 | 148   169    5    |
| 9    46   12   | 5     3    148 | 1248  126    7    |
| 25   8    125  | 7     69   14  | 1234  12369  129  |
'----------------'----------------'-------------------'

