002000030080250006700008000000020900006340070030000004100007000000000500009430010
:0000:x:00200+4030+48+125+3+7+9670+3008+40000002090+3006340070030000004100007+300+300000500009430010:::
.------------------.---------------------.------------------.
| 569   569   2    | 1679    1679   4    | 18    3     158  |
| 4     8     1    | 2       5      3    | 7     9     6    |
| 7     569   3    | 169     169    8    | 4     25    125  |
:------------------+---------------------+------------------:
| 58    1457  4578 | 15678   2      156  | 9     568   3    |
| 2589  1259  6    | 3       4      159  | 128   7     1258 |
| 2589  3     578  | 156789  16789  1569 | 1268  2568  4    |
:------------------+---------------------+------------------:
| 1     2456  458  | 5689    689    7    | 3     2468  289  |
| 3     2467  478  | 1689    1689   1269 | 5     2468  2789 |
| 2568  2567  9    | 4       3      256  | 268   1     278  |
'------------------'---------------------'------------------'

