2..3...7.4..6....95..1....4..281..6...8.5..1.1.7...8...1...87...2...95.1.3...12..
:0000:x:2..3...7.4..6....95..1....4..281..6...8.5..1.1.7...8...1...87...2...95.1.3...12..:::
.------------------.--------------------.-----------------.
| 2     689   169  | 3     489    45    | 16   7      568 |
| 4     78    13   | 6     278    257   | 13   2358   9   |
| 5     6789  369  | 1     2789   27    | 36   238    4   |
:------------------+--------------------+-----------------:
| 39    459   2    | 8     1      347   | 349  6      357 |
| 369   469   8    | 2479  5      23467 | 349  1      237 |
| 1     4569  7    | 249   23469  2346  | 8    23459  235 |
:------------------+--------------------+-----------------:
| 69    1     4569 | 245   2346   8     | 7    349    36  |
| 678   2     46   | 47    3467   9     | 5    348    1   |
| 6789  3     4569 | 457   467    1     | 2    489    68  |
'------------------'--------------------'-----------------'

