000400025009005700120700004200000000000002560004310002003004000000000680001080009
:0000:x:00040002500900570+612+57000+9420000000000+70+42560004310+9+7200300400000+2000680001080009:615 616 542 642 842 847 851 852 491 492::
.------------------.--------------------.---------------.
| 3678   3678   68 | 4      39     1389 | 138  2    5   |
| 348    348    9  | 128    23     5    | 7    13   6   |
| 1      2      5  | 7      36     368  | 38   9    4   |
:------------------+--------------------+---------------:
| 2      139    68 | 5689   5679   6789 | 134  134  138 |
| 39     139    7  | 89     4      2    | 5    6    138 |
| 568    568    4  | 3      1      68   | 9    7    2   |
:------------------+--------------------+---------------:
| 56789  56789  3  | 12569  25679  4    | 12   15   17  |
| 4579   4579   2  | 159    3579   1379 | 6    8    137 |
| 567    567    1  | 256    8      367  | 234  345  9   |
'------------------'--------------------'---------------'

