003000700080250090100000006000026000005000200010000040600004001000000300009530060
:0000:x:00300070008+6250+19010000000600+40260000+6500020001000+5+6406+3000400100+100+230000953+1+460:414 814 914 415 815 915 432 781 881 782 588 589::
.------------------.---------------------.-------------------.
| 2459   2459  3   | 16      16     89   | 7    258    2458  |
| 47     8     6   | 2       5      37   | 1    9      34    |
| 1      2579  27  | 34789   4789   3789 | 58   2358   6     |
:------------------+---------------------+-------------------:
| 3789   79    4   | 13789   2      6    | 589  13578  35789 |
| 3789   6     5   | 134789  14789  3789 | 2    1378   3789  |
| 23789  1     278 | 3789    789    5    | 6    4      3789  |
:------------------+---------------------+-------------------:
| 6      3     278 | 789     789    4    | 589  2578   1     |
| 45     45    1   | 6789    6789   2    | 3    78     789   |
| 278    27    9   | 5       3      1    | 4    6      278   |
'------------------'---------------------'-------------------'

