000050307200047100008900000000006001006030500300200000000009200002380009409070000
:0000:x:00+4+85+13+272+5+3+6471+9+80089+2+3+6+5+4+8+200+960+3100603050+23+402+10+90+60+8+10+6920+30023800+194+39+17+2+8+6+5:751 752::
.-------------.------------.------------.
| 69   69  4  | 8    5  1  | 3   2    7 |
| 2    5   3  | 6    4  7  | 1   9    8 |
| 17   17  8  | 9    2  3  | 6   5    4 |
:-------------+------------+------------:
| 8    2   57 | 457  9  6  | 47  3    1 |
| 19   19  6  | 47   3  48 | 5   478  2 |
| 3    4   57 | 2    1  58 | 9   78   6 |
:-------------+------------+------------:
| 57   8   1  | 45   6  9  | 2   47   3 |
| 567  67  2  | 3    8  45 | 47  1    9 |
| 4    3   9  | 1    7  2  | 8   6    5 |
'-------------'------------'------------'

