000000083001380046023000010700150034000007800060040070005800000000500000207401000
:0000:x:0000+10083001380046+82300+401070015003400+4007800060040070005800000000500000207401000:614 616 517 527 735 247 951 952 961 267 277 287 889::
.-------------------.------------------.--------------------.
| 4569   4579   69  | 279  1      259  | 279     8     3    |
| 59     579    1   | 3    8      259  | 279     4     6    |
| 8      2      3   | 679  69     4    | 579     1     579  |
:-------------------+------------------+--------------------:
| 7      89     289 | 1    5      2689 | 69      3     4    |
| 135    135    4   | 269  2369   7    | 8       2569  1259 |
| 135    6      289 | 29   4      2389 | 159     7     1259 |
:-------------------+------------------+--------------------:
| 13469  1349   5   | 8    23679  2369 | 134679  269   1279 |
| 13469  13489  689 | 5    23679  2369 | 134679  269   1279 |
| 2      389    7   | 4    369    1    | 3569    569   589  |
'-------------------'------------------'--------------------'

