401000003050093000080700500070050100900070004004030060005002030000380010100000802
:0000:x:4010000+73050093000080700500070050100900070+3+54+504030060+80500203000038001+51+30000802:214 614 616 224 824 787::
.-----------------.--------------------.----------------.
| 4    269   1    | 58     26    58    | 269   7    3   |
| 267  5     267  | 146    9     3     | 246   248  168 |
| 236  8     2369 | 7      1246  146   | 5     249  169 |
:-----------------+--------------------+----------------:
| 236  7     2368 | 24689  5     4689  | 1     289  89  |
| 9    126   268  | 1268   7     168   | 3     5    4   |
| 5    12    4    | 1289   3     189   | 279   6    789 |
:-----------------+--------------------+----------------:
| 8    469   5    | 1469   146   2     | 4679  3    679 |
| 267  2469  2679 | 3      8     4679  | 469   1    5   |
| 1    3     679  | 4569   46    45679 | 8     49   2   |
'-----------------'--------------------'----------------'

