900080050007100200060205009006090800300007060090800001003000000200670003070010090
:0000:x:90+2+780050+50710+9200+8602+35+709+4+2609+18003000+27+960+79+58000+21+103+9+50+6002+5+967+8003+670010+590:412 417 428 466 478 479 499::
.-----------.-------------.-------------.
| 9  13  2  | 7   8   46  | 13  5   46  |
| 5  34  7  | 1   46  9   | 2   38  468 |
| 8  6   14 | 2   3   5   | 7   14  9   |
:-----------+-------------+-------------:
| 4  2   6  | 35  9   1   | 8   37  57  |
| 3  18  18 | 45  2   7   | 9   6   45  |
| 7  9   5  | 8   46  36  | 34  2   1   |
:-----------+-------------+-------------:
| 1  48  3  | 9   5   24  | 6   78  278 |
| 2  5   9  | 6   7   8   | 14  14  3   |
| 6  7   48 | 34  1   234 | 5   9   28  |
'-----------'-------------'-------------'

