008400070900000310000000000000001000000070068705090000300760051059300200800000000
:0000:x:0084000709000+80310000+100+800+2000+41+7000+9007006870509000030076+8+951+6593+1+42+8+7800+900000:316 336 264 266 292 492 293 493::
.------------------.-----------------.-----------------.
| 15  1236   8     | 4    235  2569  | 56   7    2569  |
| 9   2467   2467  | 256  8    2567  | 3    1    2456  |
| 45  23467  23467 | 1    235  25679 | 8    249  24569 |
:------------------+-----------------+-----------------:
| 2   368    36    | 568  4    1     | 7    39   359   |
| 14  9      134   | 25   7    235   | 145  6    8     |
| 7   13468  5     | 68   9    36    | 14   234  234   |
:------------------+-----------------+-----------------:
| 3   24     24    | 7    6    8     | 9    5    1     |
| 6   5      9     | 3    1    4     | 2    8    7     |
| 8   17     17    | 9    25   25    | 46   34   346   |
'------------------'-----------------'-----------------'

