671830000003047060208060000502000000000306000000000905000070601090620500000085793
:0000:x:6718300+50+9+530470602+48+5600005020+9000+600+93+560000+6+40+1090500+5+9706+2109+76205000+2+6085793:447 448 151 481 881 486::
.-------------.-----------.------------------.
| 6    7    1 | 8   3  29 | 24    5     249  |
| 9    5    3 | 12  4  7  | 128   6     28   |
| 2    4    8 | 5   6  19 | 13    137   79   |
:-------------+-----------+------------------:
| 5    138  2 | 47  9  48 | 138   1378  6    |
| 78   18   9 | 3   5  6  | 1248  1478  2478 |
| 378  6    4 | 27  1  28 | 9     378   5    |
:-------------+-----------+------------------:
| 348  38   5 | 9   7  34 | 6     2     1    |
| 13   9    7 | 6   2  13 | 5     48    48   |
| 14   2    6 | 14  8  5  | 7     9     3    |
'-------------'-----------'------------------'

