007306000604092300300700004200030800036501720008060003100009005005820401000605900
:0000:x:0073+460+90604+19230030+97+5+800420+1+93080+6+4365+8172+9008+260003100+4+7900500582+34010+406+15900:512 812 272::
.--------------.----------.---------------.
| 58   12   7  | 3  4  6  | 125  9    28  |
| 6    58   4  | 1  9  2  | 3    578  78  |
| 3    12   9  | 7  5  8  | 126  16   4   |
:--------------+----------+---------------:
| 2    57   1  | 9  3  47 | 8    45   6   |
| 4    3    6  | 5  8  1  | 7    2    9   |
| 579  579  8  | 2  6  47 | 15   145  3   |
:--------------+----------+---------------:
| 1    68   23 | 4  7  9  | 26   368  5   |
| 79   679  5  | 8  2  3  | 4    67   1   |
| 78   4    23 | 6  1  5  | 9    378  278 |
'--------------'----------'---------------'

