000000031500604700090200500480190000070503080000048095002007050008309006930000000
:0000:x:000+9+7+50315+1+36+847+2+90902+3+150048+5190+30007+9503080+300+7480950+42+807+95+30+58309006930+4+50000:187 197::
.--------------.-----------.----------------.
| 268  26  46  | 9  7   5  | 468   3    1   |
| 5    1   3   | 6  8   4  | 7     2    9   |
| 678  9   467 | 2  3   1  | 5     46   48  |
:--------------+-----------+----------------:
| 4    8   5   | 1  9   26 | 3     67   27  |
| 126  7   9   | 5  26  3  | 1246  8    24  |
| 3    26  16  | 7  4   8  | 126   9    5   |
:--------------+-----------+----------------:
| 16   4   2   | 8  16  7  | 9     5    3   |
| 17   5   8   | 3  12  9  | 24    147  6   |
| 9    3   167 | 4  5   26 | 28    17   278 |
'--------------'-----------'----------------'

