100200000000000700000687002470002003006040100900500048300158000009000000000003001
:0000:x:10+7200000000000700+5006870+12470+802003006+34+910+79+305+700483001580+700+19000000000003001:519 422 423 287 487 489 891 292 492 692 293 494 297 597 997 598 998::
.-----------------.--------------.---------------------.
| 1     4689  7   | 2   39   45  | 345689  35689  469  |
| 268   2689  238 | 49  139  145 | 7       35689  4569 |
| 5     49    34  | 6   8    7   | 349     1      2    |
:-----------------+--------------+---------------------:
| 4     7     15  | 8   16   2   | 569     569    3    |
| 28    258   6   | 3   4    9   | 1       25     7    |
| 9     3     12  | 5   7    16  | 26      4      8    |
:-----------------+--------------+---------------------:
| 3     246   24  | 1   5    8   | 2469    7      469  |
| 2678  1     9   | 47  26   46  | 3568    23568  56   |
| 267   58    458 | 79  269  3   | 468     268    1    |
'-----------------'--------------'---------------------'

