...1.3.461.6........95..72......7.95.........21.8......91..53........8.776.4.1...
:0000:x:+5..1+73+9461+76+9+4+2+5+3+8+3+495+6+872+1+6..+2.7.95+9.+7....+8+221.8...+7+3+891+7+253+6+4+4.....8+1776+34+81+2+5+9:::
.-----------.--------------.-----------.
| 5  28  28 | 1   7    3   | 9    4  6 |
| 1  7   6  | 9   4    2   | 5    3  8 |
| 3  4   9  | 5   6    8   | 7    2  1 |
:-----------+--------------+-----------:
| 6  38  48 | 2   13   7   | 14   9  5 |
| 9  35  7  | 36  135  46  | 146  8  2 |
| 2  1   45 | 8   59   469 | 46   7  3 |
:-----------+--------------+-----------:
| 8  9   1  | 7   2    5   | 3    6  4 |
| 4  25  25 | 36  39   69  | 8    1  7 |
| 7  6   3  | 4   8    1   | 2    5  9 |
'-----------'--------------'-----------'

