600023007090000060008900000904080005380204006106090800800002400460000010500470600
:0000:x:600023007090000060008900000904080005380204006106090800800002400460000010500470600:117 223 723 127 232 732 137 747 374 378 978 384 287 387 987 292 998::
.----------------.------------------.------------------.
| 6   145   15   | 158   2     3    | 59   4589  7     |
| 27  9     135  | 1578  145   1578 | 235  6     12348 |
| 27  1345  8    | 9     1456  1567 | 235  2345  1234  |
:----------------+------------------+------------------:
| 9   27    4    | 1367  8     167  | 123  237   5     |
| 3   8     57   | 2     15    4    | 179  79    6     |
| 1   257   6    | 357   9     57   | 8    2347  234   |
:----------------+------------------+------------------:
| 8   137   1379 | 156   1356  2    | 4    57    39    |
| 4   6     2379 | 58    35    589  | 57   1     2389  |
| 5   13    1239 | 4     7     189  | 6    238   2389  |
'----------------'------------------'------------------'

