000518002000002010201000090000400058460103000030000040600274000090300000020000704
:0000:x:00051800200+6+902010201000090000400+358460103000030000040600274000+79+4300000020000704:313 732 635 637 639 739 253 753 953 255 955 161 961 563 863 664 665 666 267 967 769 969 877 887 391 893 895::
.----------------.----------------.-----------------.
| 39   47    79  | 5   1     8    | 46    367  2    |
| 358  4578  6   | 9   34    2    | 458   1    357  |
| 2    458   1   | 67  34    67   | 458   9    35   |
:----------------+----------------+-----------------:
| 19   17    279 | 4   269   679  | 3     5    8    |
| 4    6     58  | 1   58    3    | 29    27   79   |
| 58   3     279 | 78  2589  579  | 16    4    16   |
:----------------+----------------+-----------------:
| 6    158   358 | 2   7     4    | 159   38   1359 |
| 7    9     4   | 3   568   156  | 1256  268  156  |
| 158  2     35  | 68  569   1569 | 7     368  4    |
'----------------'----------------'-----------------'

