050040800804500000000003010070000950500706003081000070090400000000005702008060040
:0000:x:0500408008045000000000030100700009505007060030810+5007009+5400000000005702008060040:611 711 114 619 731 237 637 639 739 939 241 844 845 146 246 649 257 461 661 467 371 671 875 878 679 181 381 388 688::
.-------------------.------------------.----------------.
| 1239  5     23679 | 269   4     1279 | 8    2369  79  |
| 8     1236  4     | 5     1279  1279 | 236  2369  679 |
| 269   26    2679  | 2689  2789  3    | 45   1     45  |
:-------------------+------------------+----------------:
| 346   7     236   | 123   123   48   | 9    5     148 |
| 5     24    29    | 7     1289  6    | 14   28    3   |
| 239   8     1     | 239   5     249  | 26   7     46  |
:-------------------+------------------+----------------:
| 127   9     5     | 4     1237  1278 | 136  36    18  |
| 46    1346  36    | 1389  1389  5    | 7    89    2   |
| 1237  123   8     | 1239  6     1279 | 135  4     159 |
'-------------------'------------------'----------------'

