080005000040010830907000000200306000000020000003107005000000102056040070000900080
:0000:x:08+10050000400108309070000+5+12003+560000000200000+63107005000+500102056040070000900+580:615 715 629 635 336 451 453 457 957 458 459 959 375 875 978 381 386 395 296 399::
.-----------------.---------------.-------------------.
| 36    8     1   | 2467  39  5   | 24679  2469  4679 |
| 56    4     25  | 267   1   29  | 8      3     79   |
| 9     23    7   | 2468  38  248 | 246    5     1    |
:-----------------+---------------+-------------------:
| 2     179   489 | 3     5   6   | 479    149   4789 |
| 1578  179   589 | 48    2   489 | 367    169   3678 |
| 48    6     3   | 1     89  7   | 249    249   5    |
:-----------------+---------------+-------------------:
| 3478  379   489 | 5     67  38  | 1      46    2    |
| 18    5     6   | 28    4   128 | 39     7     39   |
| 1347  1237  24  | 9     67  13  | 5      8     46   |
'-----------------'---------------'-------------------'

