000105804000000002400080000000000100070090000000021530240300070001057020093400000
:0000:x:0+20105804000000002400+28000000+2000100+170+59+3+2+40+90+402153024+53+6+8+97+1001+957+42+3+7934+1+2+600:622 822 632 739 641 841 642 842::
.-----------------.---------------.----------------.
| 36    2    679  | 1    37   5   | 8   69    4    |
| 3568  135  6789 | 67   347  469 | 37  1569  2    |
| 4     135  679  | 2    8    69  | 37  1569  569  |
:-----------------+---------------+----------------:
| 35    35   2    | 678  47   46  | 1   689   6789 |
| 1     7    68   | 5    9    3   | 2   4     68   |
| 9     68   4    | 678  2    1   | 5   3     678  |
:-----------------+---------------+----------------:
| 2     4    5    | 3    6    8   | 9   7     1    |
| 68    68   1    | 9    5    7   | 4   2     3    |
| 7     9    3    | 4    1    2   | 6   58    58   |
'-----------------'---------------'----------------'

