300075000020900500090030008070000100008010900006000070400050060009006010000320004
:0000:x:3000750000209005+30090030008070000100008010900006000070400050060009006010000320004:412 619 121 629 443 543 946 966 173 773 279 379::
.-------------------.-------------------.------------------.
| 3      168   14   | 12468  7     5    | 246   249   129  |
| 678    2     147  | 9      468   148  | 5     3     17   |
| 1567   9     1457 | 1246   3     124  | 2467  24    8    |
:-------------------+-------------------+------------------:
| 259    7     23   | 24568  4689  2348 | 1     2458  2356 |
| 25     345   8    | 24567  1     2347 | 9     245   2356 |
| 1259   1345  6    | 2458   489   2348 | 2348  7     235  |
:-------------------+-------------------+------------------:
| 4      138   23   | 178    5     1789 | 2378  6     79   |
| 2578   358   9    | 478    48    6    | 2378  1     2357 |
| 15678  1568  157  | 3      2     1789 | 78    589   4    |
'-------------------'-------------------'------------------'

