003700008080009000900000560600005000020000040000300001051007002000400010700008300
:0000:x:003700008080009000900000560600005000020000040000300001051007002000400010700008300:124 442 742 942 551 851::
.------------------.---------------------.---------------------.
| 1245  146  3     | 7      12456   1246 | 1249   29     8     |
| 1245  8    24567 | 256    123456  9    | 1247   237    347   |
| 9     147  247   | 128    12348   1234 | 5      6      347   |
:------------------+---------------------+---------------------:
| 6     13   4789  | 1289   124789  5    | 2789   23789  379   |
| 13    2    5789  | 1689   16789   16   | 6789   4      35679 |
| 458   479  45789 | 3      246789  246  | 26789  25789  1     |
:------------------+---------------------+---------------------:
| 348   5    1     | 69     369     7    | 4689   89     2     |
| 238   369  2689  | 4      23569   236  | 6789   1      5679  |
| 7     469  2469  | 12569  12569   8    | 3      59     4569  |
'------------------'---------------------'---------------------'

