030090500700800030005001020000005000300600008040070002100700200070000060002008001
:0000:x:03+109+75+807008+50+1300050010200000+850003006000080400700021007002+40070000+8600020+48001:344 367 385 598::
.------------------.----------------.--------------------.
| 246   3     1    | 24     9   7   | 5      8     46    |
| 7     269   469  | 8      5   246 | 1      3     469   |
| 4689  689   5    | 34     36  1   | 4679   2     4679  |
:------------------+----------------+--------------------:
| 269   1269  679  | 1249   8   5   | 34679  179   34679 |
| 3     1259  79   | 6      12  249 | 479    1579  8     |
| 5689  4     689  | 139    7   39  | 69     159   2     |
:------------------+----------------+--------------------:
| 1     5689  3689 | 7      36  369 | 2      4     359   |
| 459   7     349  | 12359  12  239 | 8      6     359   |
| 569   569   2    | 359    4   8   | 379    79    1     |
'------------------'----------------'--------------------'

