600000000002400900043018000010009803000080000809500020000250370005003400000000001
:0000:x:600000000002400900043018000010009803000080000809500020000250370005003400000000001:713 217 517 518 219 528 637 737 648 658 473 673 892 893::
.-------------------.--------------------.-------------------.
| 6      5789   18  | 379    2379  257   | 17    1348  4578  |
| 157    578    2   | 4      367   567   | 9     1368  5678  |
| 579    4      3   | 679    1     8     | 25    56    2567  |
:-------------------+--------------------+-------------------:
| 2457   1      467 | 67     2467  9     | 8     45    3     |
| 23457  23567  467 | 1367   8     12467 | 1567  1459  45679 |
| 8      367    9   | 5      3467  1467  | 167   2     467   |
:-------------------+--------------------+-------------------:
| 149    689    18  | 2      5     146   | 3     7     689   |
| 1279   26789  5   | 16789  679   3     | 4     689   2689  |
| 23479  23679  467 | 6789   4679  467   | 256   5689  1     |
'-------------------'--------------------'-------------------'

