700603000030058007005000300000030008020007090000800100070500002100002080008040600
:0000:x:700603+8000300580070+850+70300000030008+82+3007+5900008+20100+3705+80002100002080+208040600:623 924 128 136 439 639 641 542 942 943 144 146 946 648 661 562 663 668 473 683 984 487 489 194 994::
.-----------------.----------------.-----------------.
| 7    149   1249 | 6     19  3    | 8    1245  1459 |
| 469  3     1249 | 124   5   8    | 249  246   7    |
| 469  8     5    | 1249  7   49   | 3    1246  19   |
:-----------------+----------------+-----------------:
| 459  146   1467 | 49    3   456  | 247  247   8    |
| 8    2     3    | 14    16  7    | 5    9     46   |
| 459  469   479  | 8     2   4569 | 1    347   346  |
:-----------------+----------------+-----------------:
| 3    7     69   | 5     8   169  | 49   14    2    |
| 1    4569  49   | 37    69  2    | 79   8     359  |
| 2    59    8    | 37    4   19   | 6    1357  1359 |
'-----------------'----------------'-----------------'

