030090500700800030005001020000005000300600008040070002100700200070000060002008001
:0000:x:03+109+75+807008+50+1300050010200000+85000300600008040070002100700200070000+860002008001:344 455 367 578 385 485 598::
.-------------------.-------------------.---------------------.
| 246   3     1     | 24      9    7    | 5      8      46    |
| 7     269   469   | 8       5    246  | 1      3      469   |
| 4689  689   5     | 34      346  1    | 4679   2      4679  |
:-------------------+-------------------+---------------------:
| 269   1269  679   | 1249    8    5    | 34679  1479   34679 |
| 3     1259  79    | 6       12   249  | 479    14579  8     |
| 5689  4     689   | 139     7    39   | 69     159    2     |
:-------------------+-------------------+---------------------:
| 1     5689  34689 | 7       346  3469 | 2      49     3459  |
| 459   7     349   | 123459  12   2349 | 8      6      3459  |
| 4569  569   2     | 3459    346  8    | 3479   479    1     |
'-------------------'-------------------'---------------------'

