010872009000010300600900020006000040050009000900780000070400600400050070002000000
:0000:x:0108720+69000010300600900020006000+94005000900090078000007040060040005007000200+7000:332 333 973 992::
.--------------------.-------------------.----------------------.
| 35     1     345   | 8     7     2     | 45     6      9      |
| 2578   2489  45789 | 56    1     456   | 3      58     4578   |
| 6      48    4578  | 9     34    345   | 14578  2      14578  |
:--------------------+-------------------+----------------------:
| 12378  238   6     | 1235  23    135   | 9      4      123578 |
| 12378  5     13478 | 1236  2346  9     | 1278   138    123678 |
| 9      234   134   | 7     8     13456 | 125    135    12356  |
:--------------------+-------------------+----------------------:
| 1358   7     1358  | 4     239   138   | 6      13589  12358  |
| 4      3689  1389  | 1236  5     1368  | 128    7      1238   |
| 1358   368   2     | 136   369   7     | 1458   13589  13458  |
'--------------------'-------------------'----------------------'

