000500009008002300690030040010700000003010800000009010040080025002400700500006000
:0000:x:000500009008002300690030040010700000003010800000009010040080025002400700500006000:111 411 711 712 217 618 721 124 725 628 729 137 139 643 446 546 647 348 451 659 264 664 667 669 171 173 981 186 389 394 994 995 898 199 399::
.-------------------.-----------------.------------------.
| 23    23     147  | 5    467   1478 | 16    78    9    |
| 14    57     8    | 69   469   2    | 3     57    16   |
| 6     9      157  | 18   3     178  | 25    4     278  |
:-------------------+-----------------+------------------:
| 2489  1      459  | 7    2456  38   | 2459  569   2346 |
| 279   2567   3    | 26   1     45   | 8     5679  247  |
| 2478  25678  4567 | 38   2456  9    | 245   1     2347 |
:-------------------+-----------------+------------------:
| 379   4      679  | 139  8     137  | 169   2     5    |
| 138   368    2    | 4    59    35   | 7     3689  168  |
| 5     378    179  | 12   27    6    | 149   39    48   |
'-------------------'-----------------'------------------'

