090004000006200070000039100600050002020700830005003060050000007100000600002000050
:0000:x:0900+740+800062000700+70039100600050+70202070083+5+7+850+2306+10500000+1710+70006000+6200+7050:311 514 317 521 826 431 831 442 144 373 674 477 484 984 886 999::
.-----------------.------------------.-----------------.
| 25    9    13   | 16     7     4   | 25    8    36   |
| 348   134  6    | 2      18    15  | 3459  7    349  |
| 25    7    48   | 568    3     9   | 1     24   46   |
:-----------------+------------------+-----------------:
| 6     13   1349 | 489    5     18  | 7     49   2    |
| 49    2    149  | 7      1469  16  | 8     3    5    |
| 7     8    5    | 49     2     3   | 49    6    1    |
:-----------------+------------------+-----------------:
| 3489  5    489  | 3489   4689  268 | 239   1    7    |
| 1     34   7    | 358    489   25  | 6     249  3489 |
| 3489  6    2    | 13489  1489  7   | 349   5    348  |
'-----------------'------------------'-----------------'

