700031005000067300030400000810000400640020053003000068000006070002710000100350006
:0000:x:70003100500006730003040000081+5+60+3400640020053003000068+30000607+10+627100+30100350006:423 428 836 936 137 237 837 966 267 486 896 996::
.------------------.---------------.-----------------.
| 7     289   4689 | 289   3    1  | 2689  2489  5   |
| 2459  2589  189  | 2589  6    7  | 3     1289  249 |
| 259   3     1689 | 4     89   25 | 679   1289  279 |
:------------------+---------------+-----------------:
| 8     1     5    | 6     79   3  | 4     29    279 |
| 6     4     79   | 189   2    89 | 179   5     3   |
| 29    279   3    | 159   479  45 | 179   6     8   |
:------------------+---------------+-----------------:
| 3     589   489  | 289   489  6  | 2589  7     1   |
| 459   6     2    | 7     1    89 | 589   3     49  |
| 1     789   4789 | 3     5    24 | 289   2489  6   |
'------------------'---------------'-----------------'

