020030600000409500000002040040000750605000901079000030010300000008205000004090070
:0000:x:+420+530600000409500000002040040+900750605+7009010790+50030010300000008205000004090070:116 321 622 123 825 828 829 131 331 731 831 332 632 832 133 939 341 146 856 466 673 279 679 382 689 392 699::
.---------------.-----------------.------------------.
| 4     2   17  | 5    3     78   | 6     189   789  |
| 178   38  367 | 4    167   9    | 5     12    237  |
| 59    59  367 | 168  1678  2    | 138   4     378  |
:---------------+-----------------+------------------:
| 128   4   123 | 9    1268  368  | 7     5     268  |
| 6     38  5   | 7    248   34   | 9     28    1    |
| 128   7   9   | 168  5     168  | 248   3     2468 |
:---------------+-----------------+------------------:
| 2579  1   27  | 3    4678  4678 | 248   2689  4589 |
| 379   69  8   | 2    1467  5    | 134   169   349  |
| 235   56  4   | 168  9     168  | 1238  7     2358 |
'---------------'-----------------'------------------'

