306009000070064010005700000030800004200000005700002060000003800080920040000400907
:0000:x:306009000+870064010005700000030800004200000005700002060000003800080920040000400907:671 681::
.---------------------.------------------.-------------------.
| 3     124     6     | 125  158    9    | 2457  2578  28    |
| 8     7       29    | 235  6      4    | 235   1     239   |
| 149   1249    5     | 7    138    18   | 2346  2389  23689 |
:---------------------+------------------+-------------------:
| 1569  3       19    | 8    1579   1567 | 127   279   4     |
| 2     1469    1489  | 136  13479  167  | 137   3789  5     |
| 7     1459    1489  | 135  13459  2    | 13    6     1389  |
:---------------------+------------------+-------------------:
| 1459  124569  12479 | 156  157    3    | 8     25    126   |
| 15    8       137   | 9    2      1567 | 1356  4     136   |
| 156   1256    123   | 4    158    1568 | 9     235   7     |
'---------------------'------------------'-------------------'

