390000001100503900000000750000020006630108097200060000083000000001604008700000049
:0000:x:39+500000110+7503900+80000075+3+50002000663+41+58+297200060000+483000000+901604008700000049:744 944 764 964::
.------------.------------------.-----------------.
| 3  9    5  | 2478  478  267   | 468    268   1  |
| 1  246  7  | 5     48   3     | 9      268   24 |
| 8  246  26 | 249   149  1269  | 7      5     3  |
:------------+------------------+-----------------:
| 5  17   89 | 34    2    79    | 1348   138   6  |
| 6  3    4  | 1     5    8     | 2      9     7  |
| 2  17   89 | 34    6    79    | 13458  138   45 |
:------------+------------------+-----------------:
| 4  8    3  | 279   179  12579 | 156    1267  25 |
| 9  25   1  | 6     37   4     | 35     237   8  |
| 7  256  26 | 238   138  125   | 1356   4     9  |
'------------'------------------'-----------------'

