000020050040500006200003400030180500008000070900005003000009067001800900000030005
:0000:x:00002005004+95000062000034+100301805+90008+3+90+67+19+100050030000090670018009000+90030005:817 827 828 296 298::
.-------------------.-------------------.---------------.
| 13678  678   367  | 4679  2     14678 | 37    5    89 |
| 1378   4     9    | 5     17    178   | 237   23   6  |
| 2      5678  567  | 679   67    3     | 4     1    89 |
:-------------------+-------------------+---------------:
| 467    3     2467 | 1     8     2467  | 5     9    24 |
| 45     25    8    | 3     9     24    | 6     7    1  |
| 9      1     2467 | 2467  467   5     | 28    248  3  |
:-------------------+-------------------+---------------:
| 3458   258   2345 | 24    145   9     | 1238  6    7  |
| 34567  2567  1    | 8     4567  2467  | 9     234  24 |
| 4678   9     2467 | 2467  3     1467  | 128   48   5  |
'-------------------'-------------------'---------------'

