070000300602109400000006008007560004000807000500034600700600000009408705005000060
:0000:x:070+2+4+530+66+321+894+5+70+5+4+3+76008+3075600+8400+6807+50+3500+9346+7070+36+500+4+90+694087+35005+7+9+3060:951::
.----------------.-----------.--------------.
| 189   7     18 | 2  4   5  | 3    19   6  |
| 6     3     2  | 1  8   9  | 4    5    7  |
| 19    5     4  | 3  7   6  | 129  129  8  |
:----------------+-----------+--------------:
| 3     129   7  | 5  6   12 | 129  8    4  |
| 124   1249  6  | 8  12  7  | 5    129  3  |
| 5     128   18 | 9  3   4  | 6    7    12 |
:----------------+-----------+--------------:
| 7     128   3  | 6  5   12 | 128  4    9  |
| 12    6     9  | 4  12  8  | 7    3    5  |
| 1248  1248  5  | 7  9   3  | 128  6    12 |
'----------------'-----------'--------------'

