010070600004006080500200000400010006020007800051000030002000300360005004040300098
:0000:x:010+47+86+500040+560805+8+620000040+7+810+5+26+620+507800+851+6000300020+8+43+6+536+800500404+53+60098:919 921 922 227 727 129 729 929 339 974 184 197::
.-------------.--------------.----------------.
| 29   1   39 | 4   7    8   | 6     5    23  |
| 27   37  4  | 19  5    6   | 19    8    23  |
| 5    8   6  | 2   39   139 | 1479  147  179 |
:-------------+--------------+----------------:
| 4    39  7  | 8   1    39  | 5     2    6   |
| 6    2   39 | 5   349  7   | 8     14   19  |
| 8    5   1  | 6   249  29  | 479   3    79  |
:-------------+--------------+----------------:
| 179  79  2  | 17  8    4   | 3     6    5   |
| 3    6   8  | 79  29   5   | 127   17   4   |
| 17   4   5  | 3   6    12  | 27    9    8   |
'-------------'--------------'----------------'

