300020100000007002004008030007065300030480070100703000001200008200000000050804000
:0000:x:3000201000+10+3+470020+240+18030007+1653+2003048+207+110+27+930000012+3000820+80+5+100+305+38+74+2+10:612 912 518 618 918 519 619 919 737 557 862::
.-----------------.------------.-------------------.
| 3     78    569 | 569  2  69 | 1      48    47   |
| 5689  1     569 | 3    4  7  | 5689   5689  2    |
| 5679  2     4   | 569  1  8  | 569    3     5679 |
:-----------------+------------+-------------------:
| 489   489   7   | 1    6  5  | 3      2     49   |
| 569   3     569 | 4    8  2  | 69     7     1    |
| 1     46    2   | 7    9  3  | 4568   4568  456  |
:-----------------+------------+-------------------:
| 4679  4679  1   | 2    3  69 | 45679  4569  8    |
| 2     4679  8   | 69   5  1  | 4679   469   3    |
| 69    5     3   | 8    7  4  | 2      1     69   |
'-----------------'------------'-------------------'

