078000040000108006000000001000000009805407000000900500024005000500040680006090000
:0000:x:+17800+904+5000108+7060000+7+4+80100+1000+4+798+95407+1+6000+79+1050+8024005+9+105+1+90406800+8609+10+5+4:221 321 322 231 331 332 634 341 244 344 644 245 345 645 361 374 774 375::
.--------------.---------------.--------------.
| 1    7    8  | 236  236  9   | 23  4    5   |
| 49   45   23 | 1    235  8   | 7   239  6   |
| 69   56   23 | 235  7    4   | 8   239  1   |
:--------------+---------------+--------------:
| 26   36   1  | 58   58   236 | 4   7    9   |
| 8    9    5  | 4    23   7   | 1   6    23  |
| 246  346  7  | 9    1    236 | 5   23   8   |
:--------------+---------------+--------------:
| 37   2    4  | 68   68   5   | 9   1    37  |
| 5    1    9  | 237  4    23  | 6   8    237 |
| 37   8    6  | 237  9    1   | 23  5    4   |
'--------------'---------------'--------------'

