600700400040010006008009010700090600000003050000200007400000500105007002060020090
:0000:x:6+10700400+5400100+76+3+78009+21+57000906+20+2+800+73050+9002000074+2+7+9005001+95007002+86+3020+790:146 149 153 159 665 466 675 876 484 388 888::
.------------.------------------.---------------.
| 6  1   29  | 7     358   258  | 4    38   389 |
| 5  4   29  | 38    1     28   | 389  7    6   |
| 3  7   8   | 46    46    9    | 2    1    5   |
:------------+------------------+---------------:
| 7  35  14  | 1458  9     458  | 6    2    348 |
| 2  8   46  | 146   7     3    | 19   5    49  |
| 9  35  146 | 2     458   1568 | 138  348  7   |
:------------+------------------+---------------:
| 4  2   7   | 9     38    16   | 5    368  138 |
| 1  9   5   | 368   3468  7    | 38   46   2   |
| 8  6   3   | 145   2     145  | 7    9    14  |
'------------'------------------'---------------'

