030000700100009080002060005200600500009005020850010036000006010000170850000050002
:0000:x:0300007+601+60009+2800020600052+1+36+90500+609005020850010+936+50000601000+617085000+1050+602:423 324 424 732 932 436 836 754 459 375 475 981 991 792::
.-----------------.------------------.----------------.
| 49   3      458 | 2458   248  1248 | 7    6    149  |
| 1    6      57  | 57     34   9    | 2    8    34   |
| 479  48     2   | 3478   6    137  | 134  49   5    |
:-----------------+------------------+----------------:
| 2    1      3   | 6      9    478  | 5    47   478  |
| 6    47     9   | 348    348  5    | 14   2    178  |
| 8    5      47  | 247    1    247  | 9    3    6    |
:-----------------+------------------+----------------:
| 5    24789  478 | 23489  28   6    | 34   1    3479 |
| 34   249    6   | 1      7    234  | 8    5    349  |
| 347  489    1   | 3489   5    348  | 6    479  2    |
'-----------------'------------------'----------------'

