000000006041809000002504070004600300003008009120900400070005000000006025000400700
:0000:x:0000000+460418090000025040700046003000030+48009120900400070005+60+4+400006025000400700:813 913 217 517 321 521 225 325 339 541 741 542 848 849 157 863 871 971 882 982 987 891 991 892 992 893 993::
.------------------.-------------------.----------------.
| 35789  3589  57  | 1237  1237   1237 | 189  4     6   |
| 67     4     1   | 8     67     9    | 25   35    23  |
| 3689   3689  2   | 5     136    4    | 189  7     18  |
:------------------+-------------------+----------------:
| 89     89    4   | 6     1257   127  | 3    15    127 |
| 567    56    3   | 127   4      8    | 25   156   9   |
| 1      2     567 | 9     357    37   | 4    568   78  |
:------------------+-------------------+----------------:
| 23     7     89  | 123   12389  5    | 6    1389  4   |
| 4      13    89  | 137   13789  6    | 18   2     5   |
| 2356   1356  56  | 4     12389  123  | 7    1389  138 |
'------------------'-------------------'----------------'

