009500600200060009070009080090010360004200500000000001040020006300001040001300900
:0000:x:00950+2600200060009070009080090010360004200500000000001+940020+1+36300001040001300900:464 764 864 784 884::
.---------------------.----------------------.-----------------.
| 148   138    9      | 5     3478    2      | 6     17   347  |
| 2     1358   358    | 1478  6       3478   | 47    157  9    |
| 1456  7      356    | 14    34      9      | 24    8    2345 |
:---------------------+----------------------+-----------------:
| 578   9      2578   | 478   1       4578   | 3     6    2478 |
| 1678  1368   4      | 2     3789    3678   | 5     79   78   |
| 5678  23568  235678 | 69    345789  345678 | 2478  279  1    |
:---------------------+----------------------+-----------------:
| 9     4      578    | 78    2       578    | 1     3    6    |
| 3     2568   25678  | 69    5789    1      | 278   4    2578 |
| 5678  2568   1      | 3     4578    45678  | 9     257  2578 |
'---------------------'----------------------'-----------------'

