002090060500300200070006005007003006030020000000600007010004030903500004700000900
:0000:x:00209+506+3500300200+370+206005007003006+630020+500000600+30701+5+9040309035000047000+309+50:875 877 682 288 292 892 893::
.--------------------.------------------.------------------.
| 148   48     2     | 1478  9     5    | 1478  6      3   |
| 5     4689   14689 | 3     1478  178  | 2     14789  189 |
| 3     7      1489  | 2     148   6    | 148   1489   5   |
:--------------------+------------------+------------------:
| 1248  24589  7     | 148   1458  3    | 148   12489  6   |
| 6     3      1489  | 1478  2     1789 | 5     1489   189 |
| 1248  24589  1489  | 6     1458  189  | 3     12489  7   |
:--------------------+------------------+------------------:
| 28    1      5     | 9     67    4    | 67    3      28  |
| 9     28     3     | 5     1678  1278 | 1678  178    4   |
| 7     46     46    | 18    3     128  | 9     5      128 |
'--------------------'------------------'------------------'

