090080070000300052650400000807003106100000000900804000000060407780000000000200000
:0000:x:+29+1+68+5+37+4+4+7+83+9+1+65265+34+7+2000807+9+53106100+7+2+60009008+14+70000006+840778000+9+20000020+7000:372 573 583 392 593::
.--------------.-----------.-------------------.
| 2   9    1   | 6   8   5 | 3    7      4     |
| 4   7    8   | 3   9   1 | 6    5      2     |
| 6   5    3   | 4   7   2 | 89   189    189   |
:--------------+-----------+-------------------:
| 8   24   7   | 9   5   3 | 1    24     6     |
| 1   34   45  | 7   2   6 | 589  3489   3589  |
| 9   236  256 | 8   1   4 | 7    23     35    |
:--------------+-----------+-------------------:
| 35  12   29  | 15  6   8 | 4    139    7     |
| 7   8    46  | 15  34  9 | 2    136    135   |
| 35  146  469 | 2   34  7 | 589  13689  13589 |
'--------------'-----------'-------------------'

