......7927....6.3.3..2.76.8..3.8..2...8.7.5...1..2.3..1.59.2..6.2.1....3936......
:0000:x:......7927.+2..6.3.3..2.76.8..3.8..2.+2.8.7.5+6..1..2.3+8.1.59+32+8.6+82.1+6.+9.3936+7.+8+2..:::
.-----------------.------------------.---------------.
| 456  4568   14  | 3458  145   1345 | 7   9    2    |
| 7    4589   2   | 458   1459  6    | 14  3    145  |
| 3    459    149 | 2     1459  7    | 6   145  8    |
:-----------------+------------------+---------------:
| 456  45679  3   | 456   8     1459 | 14  2    1479 |
| 2    49     8   | 34    7     1349 | 5   6    149  |
| 456  1      479 | 456   2     459  | 3   8    479  |
:-----------------+------------------+---------------:
| 1    47     5   | 9     3     2    | 8   47   6    |
| 8    2      47  | 1     6     45   | 9   457  3    |
| 9    3      6   | 7     45    8    | 2   145  145  |
'-----------------'------------------'---------------'

