5..2.6.74.9..7..2.2....58......6..49....8....73..2......41....7.7..3..8.32.7.8..1
:0000:x:5..2.6.74.9.+87.+12+52.+7..58......6..49....8....73..2...+8..41.+2..7.7.+63..8+232.7.8..1:::
.-------------------.------------------.-----------------.
| 5     18    138   | 2     19   6     | 39     7     4  |
| 46    9     36    | 8     7    34    | 1      2     5  |
| 2     146   7     | 349   149  5     | 8      369   36 |
:-------------------+------------------+-----------------:
| 18    158   1258  | 35    6    137   | 2357   4     9  |
| 1469  1456  12569 | 3459  8    13479 | 23567  1356  36 |
| 7     3     1569  | 459   2    149   | 56     156   8  |
:-------------------+------------------+-----------------:
| 689   568   4     | 1     59   2     | 3569   3569  7  |
| 19    7     159   | 6     3    49    | 459    8     2  |
| 3     2     569   | 7     459  8     | 4569   569   1  |
'-------------------'------------------'-----------------'

