027305900300000000980004007700008090000020000030100004800600029000000008006809470
:0000:x:0273+85900300000000980+20400770000809000+802000003010000480060002900000+2008+206809470:127 627 128 129 629 443 543 645 756 357 359 563::
.--------------------.------------------.--------------------.
| 146   2      7     | 3     8      5   | 9      146   16    |
| 3     1456   145   | 79    1679   167 | 258    4568  25    |
| 9     8      15    | 2     16     4   | 1356   1356  7     |
:--------------------+------------------+--------------------:
| 7     1456   12    | 45    345    8   | 12356  9     12356 |
| 1456  14569  8     | 4579  2      36  | 1567   1356  156   |
| 56    3      29    | 1     5679   67  | 25678  568   4     |
:--------------------+------------------+--------------------:
| 8     1457   1345  | 6     13457  137 | 135    2     9     |
| 145   14579  13459 | 457   13457  2   | 1356   1356  8     |
| 2     15     6     | 8     135    9   | 4      7     135   |
'--------------------'------------------'--------------------'

