850607023000000000300200059700009030000000000080500002640901078000000090298703015
:0000:x:850607023000000000300200059700009030000000000080500002640901078000000090298703015:425 457 459 461 463 663 465 665 467 667 487 687::
.---------------------.----------------------.-------------------.
| 8     5     149     | 6     149      7     | 14      2    3    |
| 149   1267  124679  | 1348  13589    458   | 14678   468  1467 |
| 3     167   1467    | 2     148      48    | 14678   5    9    |
:---------------------+----------------------+-------------------:
| 7     126   12456   | 148   12468    9     | 14568   3    146  |
| 1459  1236  1234569 | 1348  1234678  2468  | 156789  468  167  |
| 19    8     139     | 5     137      46    | 179     46   2    |
:---------------------+----------------------+-------------------:
| 6     4     35      | 9     25       1     | 23      7    8    |
| 15    137   1357    | 48    24568    24568 | 23      9    46   |
| 2     9     8       | 7     46       3     | 46      1    5    |
'---------------------'----------------------'-------------------'

