602309150030200006954016030260504301410023500503100000300402015845031600020000403
:0000:x:602309150030200006954016030260504301410023500503100000300402015845031600020000403:723 726 968 769 793 895 995::
.--------------.-----------------.-------------------.
| 6   78   2   | 3     478   9   | 1     5      478  |
| 17  3    18  | 2     4578  58  | 789   4789   6    |
| 9   5    4   | 78    1     6   | 278   3      278  |
:--------------+-----------------+-------------------:
| 2   6    789 | 5     789   4   | 3     789    1    |
| 4   1    789 | 6789  2     3   | 5     6789   789  |
| 5   789  3   | 1     6789  78  | 2789  24678  2489 |
:--------------+-----------------+-------------------:
| 3   79   679 | 4     6789  2   | 789   1      5    |
| 8   4    5   | 79    3     1   | 6     279    279  |
| 17  2    169 | 6789  567   578 | 4     789    3    |
'--------------'-----------------'-------------------'

