006000210000200005030084070700000000100006030009800500000700000020003000001520600
:0000:x:0060002100+102+60+305030+184+97+6700000000100006030009800500000700000020+603000001520600:511 512 445 448 455 465 471::
.---------------------.-----------------.---------------------.
| 489    4789   6     | 39   3579  579  | 2     1      48     |
| 489    1      478   | 2    6     79   | 3     48     5      |
| 25     3      25    | 1    8     4    | 9     7      6      |
:---------------------+-----------------+---------------------:
| 7      4568   23458 | 349  1359  1259 | 148   2689   12489  |
| 1      458    2458  | 49   579   6    | 478   3      24789  |
| 2346   46     9     | 8    137   127  | 5     246    1247   |
:---------------------+-----------------+---------------------:
| 35689  45689  3458  | 7    149   189  | 148   24589  123489 |
| 4589   2      4578  | 6    149   3    | 1478  4589   14789  |
| 3489   4789   1     | 5    2     89   | 6     489    34789  |
'---------------------'-----------------'---------------------'

