...3...176.2.4.....7......2..94....8.8.....3.2....75..5......6.....5.1.349...2...
:0000:x:...3+2..176.2+74..+5+9.7.+5....2..94....8.8.+2...3.2....75..5...+7..6+4....5+41.349...2..+5:::
.-------------------.-------------------.----------------.
| 89    45    458   | 3     2      689  | 468   1     7  |
| 6     13    2     | 7     4      18   | 38    5     9  |
| 1389  7     1348  | 5     1689   1689 | 3468  48    2  |
:-------------------+-------------------+----------------:
| 137   1356  9     | 4     136    1356 | 267   27    8  |
| 17    8     14567 | 2     169    1569 | 4679  3     16 |
| 2     1346  1346  | 1689  13689  7    | 5     49    16 |
:-------------------+-------------------+----------------:
| 5     123   138   | 189   7      1389 | 289   6     4  |
| 78    26    678   | 689   5      4    | 1     2789  3  |
| 4     9     13678 | 168   1368   2    | 78    78    5  |
'-------------------'-------------------'----------------'

