..........679.3...34.....79..62.8..5.2..3..8.5..7.69..49.....58...6.124..........
:0000:x:..+9.+7..+6..679.3...34..+6+2.79+9.62.8..5.2+4+53+9.8+65..7.69..49+1+3+2+7+658...6+9124.+6.+2....+9.:::
.----------------.---------------.------------------.
| 128  158   9   | 148  7     45 | 13458  6    1234 |
| 128  6     7   | 9    1458  3  | 1458   12   124  |
| 3    4     58  | 18   6     2  | 158    7    9    |
:----------------+---------------+------------------:
| 9    137   6   | 2    14    8  | 1347   13   5    |
| 17   2     4   | 5    3     9  | 17     8    6    |
| 5    138   38  | 7    14    6  | 9      123  1234 |
:----------------+---------------+------------------:
| 4    9     1   | 3    2     7  | 6      5    8    |
| 78   3578  358 | 6    9     1  | 2      4    37   |
| 6    3578  2   | 48   458   45 | 137    9    137  |
'----------------'---------------'------------------'

