800002700007830000002007813764080100520761430000024670000000267371206080206078301
:0000:x:800002700007830000002007813764080100520761430000024670000000267371206080206078301:112 921 522 922 528 928 529 929 364::
.----------------.------------------.---------------.
| 8    3459  359 | 14569  1459  2   | 7   459  4569 |
| 146  14    7   | 8      3     59  | 59  24   246  |
| 469  459   2   | 4569   459   7   | 8   1    3    |
:----------------+------------------+---------------:
| 7    6     4   | 359    8     359 | 1   259  259  |
| 5    2     89  | 7      6     1   | 4   3    89   |
| 19   1389  389 | 59     2     4   | 6   7    589  |
:----------------+------------------+---------------:
| 49   4589  589 | 13459  1459  359 | 2   6    7    |
| 3    7     1   | 2      459   6   | 59  8    459  |
| 2    459   6   | 459    7     8   | 3   459  1    |
'----------------'------------------'---------------'

