000000000000061047000048052000000000015002006074050018000000000028075004056034021
:0000:x:000000000000061047000048052000000000015002006074050018000000000028075004056034021:::
.-------------------------.---------------------.--------------------.
| 123456789  34689  12379 | 23579    29    379  | 13689   3689   39  |
| 23589      389    239   | 2359     6     1    | 389     4      7   |
| 13679      369    1379  | 379      4     8    | 1369    5      2   |
:-------------------------+---------------------+--------------------:
| 23689      3689   239   | 1346789  189   3679 | 234579  379    359 |
| 389        1      5     | 34789    89    2    | 3479    379    6   |
| 2369       7      4     | 369      5     369  | 239     1      8   |
:-------------------------+---------------------+--------------------:
| 13479      349    1379  | 12689    1289  69   | 356789  36789  359 |
| 139        2      8     | 169      7     5    | 369     369    4   |
| 79         5      6     | 89       3     4    | 789     2      1   |
'-------------------------'---------------------'--------------------'

