.8.3...52...8.263.....9....36....9....8...3....2....85....2.....215.6...87...3.6.
:0000:x:.8+93+6..52...8.263+9+2+3+6.9+5+8..36..+5+89....8...3.+6..2+6+3..85+6.+3.2.+5.+8.215+86..+387+5+9.3+26.:::
.-----------------.-----------------.----------------.
| 147    8     9  | 3     6    147  | 147  5     2   |
| 1457   145   47 | 8     147  2    | 6    3     9   |
| 2      3     6  | 147   9    5    | 8    147   147 |
:-----------------+-----------------+----------------:
| 3      6     47 | 1247  5    8    | 9    1247  147 |
| 14579  1459  8  | 1247  147  1479 | 3    1247  6   |
| 1479   149   2  | 6     3    1479 | 147  8     5   |
:-----------------+-----------------+----------------:
| 6      49    3  | 147   2    147  | 5    1479  8   |
| 49     2     1  | 5     8    6    | 47   479   3   |
| 8      7     5  | 9     14   3    | 2    6     14  |
'-----------------'-----------------'----------------'

