040000270086000000100000000000050000500210930001090056700035490900000000000600003
:0000:x:+3400+60270+28600000010+7000000+6000500005+7021+69300+210900567+6003549090000000000060+9003:443 843 344 346::
.----------------.---------------------.--------------------.
| 3   4    59    | 1589    6     18    | 2      7     1589  |
| 2   8    6     | 134579  47    1347  | 135    14    1459  |
| 1   59   7     | 34589   248   2348  | 3568   468   4589  |
:----------------+---------------------+--------------------:
| 6   39   39    | 478     5     478   | 178    1248  12478 |
| 5   7    48    | 2       1     6     | 9      3     48    |
| 48  2    1     | 3478    9     3478  | 78     5     6     |
:----------------+---------------------+--------------------:
| 7   6    28    | 18      3     5     | 4      9     128   |
| 9   135  23458 | 1478    2478  12478 | 15678  1268  12578 |
| 48  15   2458  | 6       2478  9     | 1578   128   3     |
'----------------'---------------------'--------------------'

