762.1.8..4.9..7.25..8.........4....1....7....1....2.........2..93.5..4.7..7.6.583
:0000:x:762.1+58.+44+19..7.25+3+58+2..+1+7..+2.4..+7.1.+9..7...+21+7...2+9.+8.+8.+7..2..93.5+2+84.7+2+47.6.583:668::
.--------------.------------------.--------------.
| 7    6  2    | 39    1     5    | 8   39    4  |
| 4    1  9    | 368   38    7    | 36  2     5  |
| 3    5  8    | 2     49    469  | 1   7     69 |
:--------------+------------------+--------------:
| 568  2  356  | 4     3589  369  | 7   356   1  |
| 568  9  3456 | 1368  7     136  | 36  3456  2  |
| 1    7  3456 | 36    35    2    | 9   345   8  |
:--------------+------------------+--------------:
| 56   8  156  | 7     349   1349 | 2   169   69 |
| 9    3  16   | 5     2     8    | 4   16    7  |
| 2    4  7    | 19    6     19   | 5   8     3  |
'--------------'------------------'--------------'

