008902700200600140000040000904200870000090000032001504000020000071009003005104900
:0000:x:0089+127+30200600140000040000904200870000+490+3000320015+940000200000710090030+25104900:331 671 373::
.-------------------.-------------------.------------------.
| 456    456   8    | 9     1     2     | 7    3     56    |
| 2      59    379  | 6     3578  3578  | 1    4     589   |
| 1567   1569  3679 | 3578  4     3578  | 26   2568  25689 |
:-------------------+-------------------+------------------:
| 9      156   4    | 2     356   356   | 8    7     16    |
| 15678  1568  67   | 4     9     5678  | 3    126   126   |
| 678    3     2    | 78    678   1     | 5    9     4     |
:-------------------+-------------------+------------------:
| 348    4689  69   | 3578  2     35678 | 46   1568  15678 |
| 468    7     1    | 58    568   9     | 246  2568  3     |
| 368    2     5    | 1     3678  4     | 9    68    678   |
'-------------------'-------------------'------------------'

