000003004070060100008000095000930007090281060300076000910000200007010040500600000
:0000:x:000003004070060100008000095000930007+79028106+3300076000910000200007010040500600000:687::
.---------------------.-------------------.------------------.
| 126    256    12569 | 1578   259  3     | 678   278   4    |
| 24     7      23459 | 458    6    24589 | 1     238   28   |
| 1246   2346   8     | 147    24   247   | 367   9     5    |
:---------------------+-------------------+------------------:
| 12468  24568  12456 | 9      3    45    | 458   1258  7    |
| 7      9      45    | 2      8    1     | 45    6     3    |
| 3      2458   1245  | 45     7    6     | 4589  1258  1289 |
:---------------------+-------------------+------------------:
| 9      1      346   | 34578  45   4578  | 2     3578  68   |
| 268    2368   7     | 358    1    2589  | 3589  4     689  |
| 5      2348   234   | 6      249  24789 | 3789  1378  189  |
'---------------------'-------------------'------------------'

