078024000000000090900500200060030400017600350020080700600200500000000040035046000
:0000:x:078+924+60+50+5000009+49+40500200+86+9+73+5400+4176+9+235+8+52+3+48+17+6+960+42005000000+5004+6035046+900:735 736 138 139 376 291::
.--------------.----------------.---------------.
| 13   7   8   | 9    2    4    | 6   13    5   |
| 123  5   126 | 138  167  378  | 18  9     4   |
| 9    4   16  | 5    16   38   | 2   378   37  |
:--------------+----------------+---------------:
| 8    6   9   | 7    3    5    | 4   12    12  |
| 4    1   7   | 6    9    2    | 3   5     8   |
| 5    2   3   | 4    8    1    | 7   6     9   |
:--------------+----------------+---------------:
| 6    89  4   | 2    17   789  | 5   1378  137 |
| 127  89  12  | 138  5    3789 | 18  4     6   |
| 17   3   5   | 18   4    6    | 9   1278  127 |
'--------------'----------------'---------------'

