549.7.81......594....94...512..3.....86.5.72.7...2...18....4....625.....471.9.35.
:0000:x:549.7.81......594....94...512..3.....86.5.72.7...2...18....4....625.....471.9.35.:::
.---------------.-------------------.-----------------.
| 5    4    9   | 236    7    236   | 8    1     236  |
| 236  13   378 | 12368  168  5     | 9    4     2367 |
| 236  13   378 | 9      4    12368 | 26   367   5    |
:---------------+-------------------+-----------------:
| 1    2    45  | 4678   3    6789  | 456  689   4689 |
| 39   8    6   | 14     5    19    | 7    2     349  |
| 7    359  345 | 468    2    689   | 456  3689  1    |
:---------------+-------------------+-----------------:
| 8    359  35  | 12367  16   4     | 126  679   2679 |
| 39   6    2   | 5      18   1378  | 14   789   4789 |
| 4    7    1   | 268    9    268   | 3    5     268  |
'---------------'-------------------'-----------------'

