400960000020000019007002000960050040003000100010030025000600400670000090000027003
:0000:x:40+1960+70+202+60000190+9700200+4960050+34000300010+601+403+6+925000600400670000+2900+4+9027003:854 855 856 571 572 376 591::
.----------------.-------------------.----------------.
| 4     358  1   | 9      6    358   | 7    358   2   |
| 358   2    6   | 34578  478  3458  | 58   1     9   |
| 358   9    7   | 1358   18   2     | 568  3568  4   |
:----------------+-------------------+----------------:
| 9     6    28  | 1278   5    18    | 3    4     78  |
| 2578  58   3   | 247    479  49    | 1    78    6   |
| 78    1    4   | 78     3    6     | 9    2     5   |
:----------------+-------------------+----------------:
| 1238  38   258 | 6      189  1589  | 4    578   178 |
| 6     7    58  | 13458  148  13458 | 2    9     18  |
| 18    4    9   | 158    2    7     | 568  568   3   |
'----------------'-------------------'----------------'

