000308070800059000009400800960040302020503040405020087006002700000730006090605000
:0000:x:0003080708+70+2590+600094008009600403+520205030404+350200870060027000+8073+40+96090605000:::
.-------------------.-----------------.-------------------.
| 1256   145  124   | 3    16     8   | 12459  7    1459  |
| 8      7    134   | 2    5      9   | 14     6    134   |
| 12356  15   9     | 4    167    167 | 8      123  135   |
:-------------------+-----------------+-------------------:
| 9      6    178   | 18   4      17  | 3      5    2     |
| 17     2    178   | 5    16789  3   | 169    4    19    |
| 4      3    5     | 19   2      16  | 169    8    7     |
:-------------------+-----------------+-------------------:
| 135    145  6     | 189  189    2   | 7      13   13458 |
| 125    8    12    | 7    3      4   | 125    9    6     |
| 1237   9    12347 | 6    18     5   | 124    123  1348  |
'-------------------'-----------------'-------------------'

