302000010000970000000000000500080600001500070080040000900001027010400000005007900
:0000:x:302000010+1009700000000+10000500+180600001500070080+740+10090000102701040000000500790+1:::
.--------------------.---------------------.-------------------------.
| 3     45679  2     | 68    56     4568   | 4578    1       45689   |
| 1     456    468   | 9     7      234568 | 23458   34568   234568  |
| 4678  45679  46789 | 2368  1      234568 | 234578  345689  2345689 |
:--------------------+---------------------+-------------------------:
| 5     23479  3479  | 1     8      239    | 6       349     2349    |
| 246   23469  1     | 5     2369   2369   | 2348    7       23489   |
| 26    8      369   | 7     4      2369   | 1       359     2359    |
:--------------------+---------------------+-------------------------:
| 9     346    3468  | 368   356    1      | 3458    2       7       |
| 2678  1      3678  | 4     23569  235689 | 358     3568    3568    |
| 2468  2346   5     | 2368  236    7      | 9       3468    1       |
'--------------------'---------------------'-------------------------'

