042600000000080452010500000053000001070010040100000320000006030329050000000009285
:0000:x:+5426000000+3008+14520105+4+200+3053000001070010+54+91+9+400+53200+8+5+1+26+9303290500000+6+1009285:721 631 731 633 837 641::
.------------.-----------------.---------------.
| 5    4  2  | 6      379  37  | 178  179  78  |
| 69   3  67 | 79     8    1   | 4    5    2   |
| 89   1  78 | 5      4    2   | 67   679  3   |
:------------+-----------------+---------------:
| 28   5  3  | 24789  679  478 | 678  67   1   |
| 268  7  68 | 238    1    38  | 5    4    9   |
| 1    9  4  | 78     67   5   | 3    2    678 |
:------------+-----------------+---------------:
| 47   8  5  | 1      2    6   | 9    3    47  |
| 3    2  9  | 478    5    478 | 167  167  467 |
| 47   6  1  | 347    37   9   | 2    8    5   |
'------------'-----------------'---------------'

