001007003030000040500060700000208004003000200900501000005010007090000080300900600
:0000:x:001007003030000040500060700000208004003000200900501000005010007090000080300900600:817 918 925 927 938 642 648 151 651 751 652 955 658 958 659 662 663 763 278 385 187 587 292 492 892::
.---------------------.--------------------.---------------------.
| 2468   2468   1     | 48    24589  7     | 59    256    3      |
| 2678   3      26789 | 18    258    259   | 158   4      125689 |
| 5      248    2489  | 1348  6      2349  | 7     12     1289   |
:---------------------+--------------------+---------------------:
| 167    157    67    | 2     379    8     | 1359  13579  4      |
| 48     14578  3     | 467   47     469   | 2     157    1589   |
| 9      2478   248   | 5     347    1     | 38    367    68     |
:---------------------+--------------------+---------------------:
| 2468   2468   5     | 3468  1      2346  | 349   39     7      |
| 12467  9      2467  | 3467  2457   23456 | 34    8      125    |
| 3      17     2478  | 9     24578  245   | 6     125    125    |
'---------------------'--------------------'---------------------'

