900000000000000703700096248600020470000000005000040006420008600507100000001000002
:0000:x:900000+5+6+100+60+107+937+1009624860002+147+90000000050000400064200+586+1+750710+200+40010000+52:::
.--------------------.-------------------.-------------.
| 9     348    2348  | 23478  378   347  | 5    6    1 |
| 28    458    6     | 2458   1     45   | 7    9    3 |
| 7     1      35    | 35     9     6    | 2    4    8 |
:--------------------+-------------------+-------------:
| 6     358    358   | 358    2     1    | 4    7    9 |
| 1238  34789  23489 | 36789  3678  379  | 138  238  5 |
| 1238  35789  23589 | 35789  4     3579 | 138  238  6 |
:--------------------+-------------------+-------------:
| 4     2      39    | 39     5     8    | 6    1    7 |
| 5     3689   7     | 1      36    2    | 389  38   4 |
| 38    3689   1     | 34679  367   3479 | 389  5    2 |
'--------------------'-------------------'-------------'

