160540070008001030030800000700050069600902057000000000000030040000000016000164500
:0000:x:16054+30700+78+601+43+5+43+580+7+60+17+20+45+80696009+12057000+3+7+600+40+1+6030040+3000+8001600+716450+3:::
.----------------.------------.---------------.
| 1     6    29  | 5   4   3  | 289   7    28 |
| 29    7    8   | 6   29  1  | 4     3    5  |
| 4     3    5   | 8   29  7  | 6     29   1  |
:----------------+------------+---------------:
| 7     2    13  | 4   5   8  | 13    6    9  |
| 6     48   34  | 9   1   2  | 38    5    7  |
| 589   589  19  | 3   7   6  | 128   28   4  |
:----------------+------------+---------------:
| 2589  1    6   | 27  3   59 | 2789  4    28 |
| 3     459  249 | 27  8   59 | 279   1    6  |
| 289   89   7   | 1   6   4  | 5     289  3  |
'----------------'------------'---------------'

