900060020000000000001089300000006500410000096002400000003520100100000000080010005
:0000:x:900060020000000000001089300000006500410+800096002400000003520100100000000080010005:316 716 221 521 621 721 622 325 725 326 726 628 741 344 744 944 345 348 748 848 349 749 849 361 761 861 362 762 365 765 366 566 682 783 384 784 985 688 691 793 394 794 698::
.--------------------.-----------------.-----------------------.
| 9     3457   4578  | 137   6    145  | 478     2      1478   |
| 38    23457  45678 | 1237  45   1245 | 46789   14578  14789  |
| 2567  24567  1     | 27    8    9    | 3       4567   47     |
:--------------------+-----------------+-----------------------:
| 38    379    789   | 12    79   6    | 5       14     124    |
| 4     1      57    | 8     357  2357 | 27      9      6      |
| 56    569    2     | 4     59   17   | 78      1378   1378   |
:--------------------+-----------------+-----------------------:
| 67    4679   3     | 5     2    478  | 1       4678   4789   |
| 1     24579  4569  | 69    347  3478 | 246789  3478   234789 |
| 27    8      469   | 69    1    347  | 24679   347    5      |
'--------------------'-----------------'-----------------------'

