001000005004007301500300060000700000300006090000005002100029030008000500060800007
:0000:x:0+310000+75004+5073015003+100600007000+5+3300006+790+7000+35002100+429+83+6008+6+7+35+1+9+96+38+5+1007:221 832 641 447 152 452 852 162 962 467::
.-----------------.---------------.-------------.
| 268  3      1   | 29  4689  248 | 249  7   5  |
| 68   289    4   | 5   689   7   | 3    28  1  |
| 5    279    279 | 3   1     248 | 249  6   48 |
:-----------------+---------------+-------------:
| 248  12489  269 | 7   489   248 | 16   5   3  |
| 3    25     25  | 12  48    6   | 7    9   48 |
| 7    48     69  | 19  3     5   | 16   48  2  |
:-----------------+---------------+-------------:
| 1    57     57  | 4   2     9   | 8    3   6  |
| 24   24     8   | 6   7     3   | 5    1   9  |
| 9    6      3   | 8   5     1   | 24   24  7  |
'-----------------'---------------'-------------'

