001000005004007301500300060000700000300006090000005002100029030008000500060800007
:0000:x:0+310000+75004+5073015+2+73+100600007000+5+33+1+2006+790+7000+350021+7+5+429+83+6008+6+7+35+1+9+96+38+5+1007:641 447 962 467::
.-------------.---------------.-------------.
| 68  3    1  | 29  4689  248 | 249  7   5  |
| 68  89   4  | 5   689   7   | 3    28  1  |
| 5   2    7  | 3   1     48  | 49   6   48 |
:-------------+---------------+-------------:
| 48  489  69 | 7   489   248 | 16   5   3  |
| 3   1    2  | 0   48    6   | 7    9   48 |
| 7   48   69 | 19  3     5   | 16   48  2  |
:-------------+---------------+-------------:
| 1   7    5  | 4   2     9   | 8    3   6  |
| 24  4    8  | 6   7     3   | 5    1   9  |
| 9   6    3  | 8   5     1   | 24   24  7  |
'-------------'---------------'-------------'

