980006005370050100000700060060340008000000000720000090000205700000000000000008620
:0000:x:980006+3+7537+6+8501+40000700+860+56+934+7+2+18000000+5+3+772+3+5+8+1+49+60002057+80000000+9+50000008620:::
.---------------------.-----------------.-----------.
| 9      8      124   | 14   12    6    | 3  7  5   |
| 3      7      6     | 8    5     29   | 1  4  29  |
| 124    145    1245  | 7    1239  2349 | 8  6  29  |
:---------------------+-----------------+-----------:
| 5      6      9     | 3    4     7    | 2  1  8   |
| 148    14     148   | 69   269   29   | 5  3  7   |
| 7      2      3     | 5    8     1    | 4  9  6   |
:---------------------+-----------------+-----------:
| 146    1349   14    | 2    1369  5    | 7  8  134 |
| 12468  134    12478 | 146  1367  34   | 9  5  134 |
| 14     13459  1457  | 149  1379  8    | 6  2  134 |
'---------------------'-----------------'-----------'

