062058704900000000034020000800005130000000000093700008000080460000000005508670320
:0000:x:+162+3587+949+8+5+4+6+7+2+1+3+73402000+68+7+60+451300+5+1+8000000937+10008+300+580460+600000005508670320:::
.-------------.----------------.-------------.
| 1   6    2  | 3    5   8     | 7   9   4   |
| 9   8    5  | 4    6   7     | 2   1   3   |
| 7   3    4  | 19   2   19    | 58  58  6   |
:-------------+----------------+-------------:
| 8   7    6  | 29   4   5     | 1   3   29  |
| 24  5    1  | 8    39  2369  | 69  47  279 |
| 24  9    3  | 7    1   26    | 56  45  8   |
:-------------+----------------+-------------:
| 3   12   79 | 5    8   129   | 4   6   179 |
| 6   124  79 | 129  39  12349 | 89  78  5   |
| 5   14   8  | 6    7   149   | 3   2   19  |
'-------------'----------------'-------------'

