001038000206000000040600000700080264400050001318040007000003050000000906000710400
:0000:x:001038+600206+10000004060+20007+5+9+38+12644+6+2+95+7001318+24+6+5+970000+630500000+20906+60+571+9400:772 877 882 388 888 392::
.----------------.-------------.------------------.
| 59   79    1   | 45   3   8  | 6     247   259  |
| 2    3789  6   | 1    79  45 | 378   3478  3589 |
| 589  4     37  | 6    79  2  | 1378  1378  3589 |
:----------------+-------------+------------------:
| 7    5     9   | 3    8   1  | 2     6     4    |
| 4    6     2   | 9    5   7  | 38    38    1    |
| 3    1     8   | 2    4   6  | 5     9     7    |
:----------------+-------------+------------------:
| 189  289   47  | 48   6   3  | 17    5     28   |
| 18   37    347 | 458  2   45 | 9     17    6    |
| 6    28    5   | 7    1   9  | 4     238   238  |
'----------------'-------------'------------------'

