080052700207069450065000092601028975798506201052917080006280000800000000500090000
:0000:x:080052700207069450065000092601028975798506201052917080006280000800000000500090000:311 411 131 371 471 697::
.----------------.------------------.--------------------.
| 19  8      349 | 134    5    2    | 7     136    36    |
| 2   13     7   | 138    6    9    | 4     5      38    |
| 34  6      5   | 13478  347  134  | 138   9      2     |
:----------------+------------------+--------------------:
| 6   34     1   | 34     2    8    | 9     7      5     |
| 7   9      8   | 5      34   6    | 2     34     1     |
| 34  5      2   | 9      1    7    | 36    8      346   |
:----------------+------------------+--------------------:
| 19  1347   6   | 2      8    1345 | 135   134    3479  |
| 8   12347  349 | 13467  347  1345 | 1356  12346  34679 |
| 5   12347  34  | 13467  9    134  | 138   12346  34678 |
'----------------'------------------'--------------------'

