000001020000030045006700003007006008050000010200900000000000400410070000035800000
:0000:x:000001020000030045006700003007006008050000010200900000000000400410070000035800000:619 657 667 368 568 674 675 678 778 978 679 287 687 987 688 988 691 197 697 998::
.--------------------.---------------------.-------------------.
| 35789  4789   3489 | 456    45689  1     | 6789   2    79    |
| 1789   2789   1289 | 26     3      289   | 16789  4    5     |
| 1589   2489   6    | 7      24589  24589 | 189    89   3     |
:--------------------+---------------------+-------------------:
| 139    49     7    | 12345  1245   6     | 2359   359  8     |
| 3689   5      3489 | 234    248    23478 | 2379   1    24679 |
| 2      468    1348 | 9      1458   34578 | 357    67   467   |
:--------------------+---------------------+-------------------:
| 6789   26789  289  | 1235   1259   2359  | 4      358  1279  |
| 4      1      289  | 2356   7      2359  | 358    358  269   |
| 79     3      5    | 8      12469  249   | 279    67   12679 |
'--------------------'---------------------'-------------------'

