050600000000000730000100000000070800060000050100000000700040200004030000000500060
:0000:x:+35+160+7+90000+60+5073+1+4+7010+3+60+5+50007+180+606+7+300+1501000+6+5+3+7070+504+620+3+604+730+5000005+10+46+7:226 256::
.-----------------.----------------.-------------.
| 3    5     1    | 6     28   7   | 9  248  248 |
| 289  289   6    | 2489  5    489 | 7  3    1   |
| 4    7     289  | 1     289  3   | 6  28   5   |
:-----------------+----------------+-------------:
| 5    2349  239  | 249   7    1   | 8  249  6   |
| 289  6     7    | 3     289  489 | 1  5    249 |
| 1    2489  289  | 2489  6    5   | 3  7    249 |
:-----------------+----------------+-------------:
| 7    189   5    | 89    4    6   | 2  189  3   |
| 6    1289  4    | 7     3    289 | 5  189  89  |
| 289  2389  2389 | 5     1    289 | 4  6    7   |
'-----------------'----------------'-------------'

