170028405805400721040715980007601048084270010010584070758002104401857000000140857
:0000:x:170028405805400721040715980007601048084270010010584070758002104401857000000140857:622 282 989 691 693::
.------------------.--------------.----------------.
| 1     7     369  | 39  2    8   | 4    36   5    |
| 8     39    5    | 4   369  369 | 7    2    1    |
| 236   4     236  | 7   1    5   | 9    8    36   |
:------------------+--------------+----------------:
| 2359  239   7    | 6   39   1   | 235  4    8    |
| 3569  8     4    | 2   7    39  | 356  1    369  |
| 2369  1     2369 | 5   8    4   | 236  7    2369 |
:------------------+--------------+----------------:
| 7     5     8    | 39  369  2   | 1    369  4    |
| 4     369   1    | 8   5    7   | 236  369  236  |
| 239   2369  239  | 1   4    369 | 8    5    7    |
'------------------'--------------'----------------'

