908035600020000050600040109002089000003000000000000800806020903050096280009003560
:0000:x:908035600020+9+60+35+86+3+504+81090+620890000+830000+900+90000800806+520903+350096280+209+803560:412 448 748 449 749 254 459 759 264 468 768 469 769 483::
.----------------.------------------.---------------.
| 9     17   8   | 127    3    5    | 6   247  247  |
| 147   2    147 | 9      6    17   | 3   5    8    |
| 6     3    5   | 27     4    8    | 1   27   9    |
:----------------+------------------+---------------:
| 1457  6    2   | 1347   8    9    | 47  13   15   |
| 1457  8    3   | 1467   157  1247 | 47  9    1256 |
| 1457  9    147 | 13467  157  1247 | 8   123  1256 |
:----------------+------------------+---------------:
| 8     147  6   | 5      2    147  | 9   147  3    |
| 3     5    17  | 147    9    6    | 2   8    147  |
| 2     147  9   | 8      17   3    | 5   6    147  |
'----------------'------------------'---------------'

