100070000040000090200049000008406200060000403403508000001703000000080010000100605
:0000:x:10007000004000+10902000490000084+362+50+56+2+9+1+74+834035+280000017030000000800100001+90605:219 871 872 489 498::
.--------------------.---------------.-------------------.
| 1     3589   569   | 2368  7   25  | 358    2346  468  |
| 3678  4      567   | 2368  56  1   | 3578   9     2678 |
| 2     3578   567   | 368   4   9   | 13578  367   1678 |
:--------------------+---------------+-------------------:
| 79    179    8     | 4     3   6   | 2      5     179  |
| 5     6      2     | 9     1   7   | 4      8     3    |
| 4     179    3     | 5     2   8   | 179    67    1679 |
:--------------------+---------------+-------------------:
| 69    259    1     | 7     56  3   | 89     24    2489 |
| 3679  23579  45679 | 26    8   245 | 379    1     279  |
| 378   2378   47    | 1     9   24  | 6      237   5    |
'--------------------'---------------'-------------------'

