348907005526138497971045830702009503489573000053000709034700958205894370897350024
:0000:x:348907005526138497971045830702009503489573000053000709034700958205894370897350024:::
.-----------.----------------.----------------.
| 3   4   8 | 9    26    7   | 126  16    5   |
| 5   2   6 | 1    3     8   | 4    9     7   |
| 9   7   1 | 26   4     5   | 8    3     26  |
:-----------+----------------+----------------:
| 7   16  2 | 46   168   9   | 5    1468  3   |
| 4   8   9 | 5    7     3   | 126  16    126 |
| 16  5   3 | 246  1268  126 | 7    1468  9   |
:-----------+----------------+----------------:
| 16  3   4 | 7    126   126 | 9    5     8   |
| 2   16  5 | 8    9     4   | 3    7     16  |
| 8   9   7 | 3    5     16  | 16   2     4   |
'-----------'----------------'----------------'

