012908000000014529090060000003000045900000008240000300000040090827690000000805710
:0000:x:012908+6+3+400001452909+4060+1+8+7003+100+94590+1+400+20824000+930+1+100040+89082769+1+4+5+3+40+9805710:322::
.---------------.---------------.-----------.
| 57   1    2   | 9    57   8   | 6  3   4  |
| 367  678  68  | 37   1    4   | 5  2   9  |
| 35   9    4   | 235  6    23  | 1  8   7  |
:---------------+---------------+-----------:
| 67   678  3   | 1    278  267 | 9  4   5  |
| 9    567  1   | 4    357  367 | 2  67  8  |
| 2    4    568 | 57   578  9   | 3  67  1  |
:---------------+---------------+-----------:
| 1    356  56  | 237  4    237 | 8  9   26 |
| 8    2    7   | 6    9    1   | 4  5   3  |
| 4    36   9   | 8    23   5   | 7  1   26 |
'---------------'---------------'-----------'

