700082300020600005003050020000040100005008070006000008000000040087300200200070000
:0000:x:7+5008230002+8600005003050+820+80+204010000500807+2006+200008000+8+200400873002002000700+80:427 431 432 436 639 349 451 461 492 496::
.-------------------.-------------------.-------------------.
| 7      5      149 | 149   8     2     | 3     169   1469  |
| 149    2      8   | 6     139   13479 | 79    19    5     |
| 169    169    3   | 1479  5     179   | 8     2     1479  |
:-------------------+-------------------+-------------------:
| 8      379    2   | 579   4     35679 | 1     3569  69    |
| 139    1349   5   | 19    1369  8     | 469   7     2     |
| 139    13479  6   | 2     139   13579 | 459   359   8     |
:-------------------+-------------------+-------------------:
| 13569  1369   19  | 8     2     1569  | 5679  4     13679 |
| 14569  8      7   | 3     169   14569 | 2     1569  169   |
| 2      1369   149 | 1459  7     1569  | 569   8     1369  |
'-------------------'-------------------'-------------------'

