689020030200709000000030008061004000000000000000800390800040000000506003070010542
:0000:x:689+4200302007+89000000+630+9+28061004+2+8000+8+10+20000008+6039+1800+24000+9000506+80307+601+8542:::
.-------------------.-------------.----------------.
| 6      8     9    | 4   2    15 | 17   3    57   |
| 2      1345  345  | 7   8    9  | 146  156  456  |
| 1457   145   457  | 6   3    15 | 9    2    8    |
:-------------------+-------------+----------------:
| 3579   6     1    | 39  579  4  | 2    8    57   |
| 34579  3459  8    | 1   579  2  | 467  567  4567 |
| 457    245   2457 | 8   6    57 | 3    9    1    |
:-------------------+-------------+----------------:
| 8      135   35   | 2   4    37 | 167  167  9    |
| 149    1249  24   | 5   79   6  | 8    17   3    |
| 39     7     6    | 39  1    8  | 5    4    2    |
'-------------------'-------------'----------------'

