108000050004000607200003000000500040600000090000910700007300000000075060380406005
:0000:x:1+78+60+9050+9+34+1+506072+5+6+7030+10+7+9+35+6004+16+4+10+3+7+590+8+2+591+47+3+6+5+6730+1000+4+10075060380406+1+75:::
.----------.-------------.----------------.
| 1  7  8  | 6   24   9  | 234   5   234  |
| 9  3  4  | 1   5    28 | 6     28  7    |
| 2  5  6  | 7   48   3  | 489   1   489  |
:----------+-------------+----------------:
| 7  9  3  | 5   6    28 | 28    4   1    |
| 6  4  1  | 28  3    7  | 5     9   28   |
| 8  2  5  | 9   1    4  | 7     3   6    |
:----------+-------------+----------------:
| 5  6  7  | 3   289  1  | 2489  28  2489 |
| 4  1  29 | 28  7    5  | 2389  6   2389 |
| 3  8  29 | 4   29   6  | 1     7   5    |
'----------'-------------'----------------'

