000050080007029300100074002509102004000040000000008160718000020000000000060000007
:0000:x:000+35+1+780+8+57+6293+4+1100+8740025091+62+804+6+8+1040+2000000081607180000200000+1000+80600+800+17:::
.------------------.-----------------.------------------.
| 249   249   246  | 3      5   1    | 7     8     69   |
| 8     5     7    | 6      2   9    | 3     4     1    |
| 1     39    36   | 8      7   4    | 569   59    2    |
:------------------+-----------------+------------------:
| 5     37    9    | 1      6   2    | 8     37    4    |
| 6     8     1    | 579    4   357  | 2     3579  359  |
| 234   2347  234  | 579    39  8    | 1     6     359  |
:------------------+-----------------+------------------:
| 7     1     8    | 459    39  356  | 4569  2     3569 |
| 2349  2349  2345 | 24579  1   3567 | 4569  359   8    |
| 2349  6     2345 | 2459   8   35   | 459   1     7    |
'------------------'-----------------'------------------'

