000280754090403800000000000039700280840000003050000070008001090000005002306000000
:0000:x:+1+6+328+9754+79040380+1+4+80+100000+6397+1+428+584+7+500003+25+100+8+470+5+280+4109+7+9+7+4+8050023+16+900+5+4+8:::
.----------.-------------.--------------.
| 1  6  3  | 2   8    9  | 7    5    4  |
| 7  9  25 | 4   56   3  | 8    26   1  |
| 4  8  25 | 1   567  67 | 369  236  69 |
:----------+-------------+--------------:
| 6  3  9  | 7   1    4  | 2    8    5  |
| 8  4  7  | 5   269  26 | 169  16   3  |
| 2  5  1  | 36  369  8  | 4    7    69 |
:----------+-------------+--------------:
| 5  2  8  | 36  4    1  | 36   9    7  |
| 9  7  4  | 8   36   5  | 136  136  2  |
| 3  1  6  | 9   27   27 | 5    4    8  |
'----------'-------------'--------------'

