056070900040620080280000000000080000730000618005000020000000000070500049000048701
:0000:x:+156+87+49+3+204+7620+18+5280000+4+7+6000080+5+90730000618+805000+32000000000+3070500049000048701:::
.-------------------.--------------------.------------.
| 1     5     6     | 8      7     4     | 9   3   2  |
| 39    4     7     | 6      2     39    | 1   8   5  |
| 2     8     39    | 139    1359  1359  | 4   7   6  |
:-------------------+--------------------+------------:
| 46    126   124   | 12347  8     12367 | 5   9   47 |
| 7     3     249   | 249    59    259   | 6   1   8  |
| 8     169   5     | 1479   169   1679  | 3   2   47 |
:-------------------+--------------------+------------:
| 4569  1269  12489 | 1279   169   12679 | 28  56  3  |
| 36    7     1238  | 5      136   1236  | 28  4   9  |
| 3569  269   239   | 239    4     8     | 7   56  1  |
'-------------------'--------------------'------------'

