760000090000000000000425360006500200900102000000070009000006430049080002010007000
:0000:x:76+2+8+1+3+59+4000+7+6+9+1+2+80+9042536+70+765+9+820+39001+32000000+67+4+80900+7+9+5643+1049+38+1002010+2+47+9+80:::
.----------------.---------.-------------.
| 7     6    2   | 8  1  3 | 5   9    4  |
| 345   35   345 | 7  6  9 | 1   2    8  |
| 18    9    18  | 4  2  5 | 3   6    7  |
:----------------+---------+-------------:
| 14    7    6   | 5  9  8 | 2   14   3  |
| 9     58   458 | 1  3  2 | 67  457  56 |
| 1235  235  135 | 6  7  4 | 8   15   9  |
:----------------+---------+-------------:
| 28    28   7   | 9  5  6 | 4   3    1  |
| 56    4    9   | 3  8  1 | 67  57   2  |
| 356   1    35  | 2  4  7 | 9   8    56 |
'----------------'---------'-------------'

