204003587030000002008006000000000000020004039000090006590000000040500010610309005
:0000:x:2+64+9+1358703+10+8+50020+58006+30+1+4+7+9+6+300+5+8+12+6+8+54+739+3+8+509000659+3+10+800+4+8405+60+91+36103+49+805:::
.-----------.--------------.-------------.
| 2   6  4  | 9    1   3   | 5    8    7 |
| 79  3  1  | 47   8   5   | 46   469  2 |
| 79  5  8  | 247  27  6   | 3    49   1 |
:-----------+--------------+-------------:
| 4   7  9  | 6    3   12  | 12   5    8 |
| 1   2  6  | 8    5   4   | 7    3    9 |
| 3   8  5  | 27   9   127 | 124  24   6 |
:-----------+--------------+-------------:
| 5   9  3  | 1    27  8   | 26   267  4 |
| 8   4  27 | 5    6   27  | 9    1    3 |
| 6   1  27 | 3    4   9   | 8    27   5 |
'-----------'--------------'-------------'

