000060000007009501904370800300007258000000000785000003000082607206700980070090000
:0000:x:0000600000070095019+5437+18003000072580000000007850000030000826072+16700980070090000:814 218 219 228 628 942 144 652 154 254 454 654 954 155 255 455 456 556 656 658 164 464 664 465 485 586 396 497 499::
.----------------.---------------.----------------.
| 18   23   1238 | 245   6   458 | 347  3479  49  |
| 68   236  7    | 248   24  9   | 5    34    1   |
| 9    5    4    | 3     7   1   | 8    26    26  |
:----------------+---------------+----------------:
| 3    46   19   | 469   14  7   | 2    5     8   |
| 146  249  129  | 58    35  38  | 147  1479  469 |
| 7    8    5    | 29    12  46  | 14   1469  3   |
:----------------+---------------+----------------:
| 45   349  39   | 145   8   2   | 6    134   7   |
| 2    1    6    | 7     35  34  | 9    8     45  |
| 458  7    38   | 1456  9   456 | 13   1234  25  |
'----------------'---------------'----------------'

