748359126001726840026400705200040087074030000180070004402007608017003402805204070
:0000:x:748359126001726840026400705200040087074030000180070004402007608017003402805204070:322 342 942 544 951 154 554 156 558 564 367 967 568 974 684 984::
.--------------.---------------.----------------.
| 7    4    8  | 3    5    9   | 1    2     6   |
| 359  59   1  | 7    2    6   | 8    4     39  |
| 39   2    6  | 4    18   18  | 7    39    5   |
:--------------+---------------+----------------:
| 2    56   39 | 169  4    15  | 359  8     7   |
| 56   7    4  | 689  3    258 | 259  169   19  |
| 1    8    39 | 69   7    25  | 25   369   4   |
:--------------+---------------+----------------:
| 4    39   2  | 15   19   7   | 6    1359  8   |
| 69   1    7  | 58   689  3   | 4    59    2   |
| 8    369  5  | 2    169  4   | 39   7     139 |
'--------------'---------------'----------------'

