500000482030007000000000309690085000000020000000970035102000000000100050764000008
:0000:x:500000482030007+5000000003+7969008500000+50200000009700351+52+70+800+30+80100050764000008:116 123 623 624 125 625 136 267 385 985 386 986 987::
.-----------------.-------------------.-------------------.
| 5     17   1679 | 36     1369  369  | 4      8     2    |
| 2489  3    89   | 248    49    7    | 5      16    16   |
| 248   124  168  | 24568  1456  246  | 3      7     9    |
:-----------------+-------------------+-------------------:
| 6     9    137  | 34     8     5    | 127    124   147  |
| 348   147  5    | 346    2     1346 | 16789  1469  1467 |
| 248   124  18   | 9      7     146  | 168    3     5    |
:-----------------+-------------------+-------------------:
| 1     5    2    | 7      469   8    | 69     469   3    |
| 39    8    39   | 1      46    246  | 267    5     467  |
| 7     6    4    | 235    359   239  | 129    129   8    |
'-----------------'-------------------'-------------------'

