000040070010000805000105690006082000000401000000690700035904000709000010020050000
:0000:x:000+84007001000080500+71056900+76+5820000004+7100000069+37000359+14+20+7709000+510020050000:211 311 221 321 421::
.------------------.---------------.--------------------.
| 569    569  23   | 8    4    69  | 13    7      123   |
| 69     1    234  | 237  236  679 | 8     234    5     |
| 2348   48   7    | 1    23   5   | 6     9      234   |
:------------------+---------------+--------------------:
| 1349   7    6    | 5    8    2   | 1349  34     1349  |
| 23589  589  238  | 4    7    1   | 39    23568  23689 |
| 12458  458  1248 | 6    9    3   | 7     2458   1248  |
:------------------+---------------+--------------------:
| 68     3    5    | 9    1    4   | 2     68     7     |
| 7      468  9    | 23   236  68  | 5     1      3468  |
| 1468   2    148  | 37   5    678 | 349   3468   34689 |
'------------------'---------------'--------------------'

