..92.7.56.....1......5.973.4....25...9..5..8...31....7.826.5......3.....63.9.81..
:0000:x:..92.7.56.....1......5.973+14...+925+1+3.9..5+3+68...31.+6..7.826.5+3.....3.+4.+6.63+49.81.+5:::
.--------------------.-------------.-----------------.
| 138    14     9    | 2   348   7 | 48    5    6    |
| 23578  24567  5678 | 48  3468  1 | 2489  249  2489 |
| 28     246    68   | 5   468   9 | 7     3    1    |
:--------------------+-------------+-----------------:
| 4      67     678  | 78  9     2 | 5     1    3    |
| 127    9      17   | 47  5     3 | 6     8    24   |
| 258    25     3    | 1   48    6 | 249   249  7    |
:--------------------+-------------+-----------------:
| 179    8      2    | 6   17    5 | 3     479  49   |
| 1579   157    157  | 3   127   4 | 289   6    289  |
| 6      3      4    | 9   27    8 | 1     27   5    |
'--------------------'-------------'-----------------'

