...........1..2758.397.5.....5.....7..68149..8.....6.....6.984.6934..5...........
:0000:x:...+1+4+6...+4+61..2758+2397+85...+9.5+2+6+3.+87+3+768149+2+58....+76..+1..6.984.6934.+85.......+1...:::
.----------------.-------------.----------------.
| 57  58    78   | 1   4     6 | 23  39    239  |
| 4   6     1    | 39  39    2 | 7   5     8    |
| 2   3     9    | 7   8     5 | 14  16    146  |
:----------------+-------------+----------------:
| 9   14    5    | 2   6     3 | 14  8     7    |
| 3   7     6    | 8   1     4 | 9   2     5    |
| 8   124   24   | 59  59    7 | 6   13    134  |
:----------------+-------------+----------------:
| 1   25    27   | 6   2357  9 | 8   4     23   |
| 6   9     3    | 4   27    8 | 5   17    12   |
| 57  2458  2478 | 35  2357  1 | 23  3679  2369 |
'----------------'-------------'----------------'

