.1.7..8...4...8.75..7...........2..6.935.741.4..9...........3..63.1...5...2..4.9.
:0000:x:.1.7..8...4...8.75..7...........2+9.6.935+6741.4..9..+5.+7......3..63.1.+9.5...2..4.9.:::
.--------------------.--------------------.------------------.
| 2359   1     569   | 7     23459   356  | 8    2346  2349  |
| 239    4     69    | 236   1239    8    | 126  7     5     |
| 23589  2568  7     | 2346  123459  1356 | 126  2346  12349 |
:--------------------+--------------------+------------------:
| 1578   578   158   | 348   1348    2    | 9    38    6     |
| 28     9     3     | 5     6       7    | 4    1     28    |
| 4      268   168   | 9     138     13   | 5    238   7     |
:--------------------+--------------------+------------------:
| 15789  578   14589 | 268   2578    56   | 3    2468  1248  |
| 6      3     48    | 1     278     9    | 27   5     248   |
| 1578   578   2     | 368   3578    4    | 167  9     18    |
'--------------------'--------------------'------------------'

