000702600000000005000035907003024170010000060047680500904310000300000000005809000
:0000:x:0007+92600+7000+6+8005000035907+60302417+80100+7+3060+24768+15009043100+50300+2+50000+1058+49000:812 222 232 959 888::
.-----------------.-----------.-----------------.
| 458  35    18   | 7   9  2  | 6    1348  134  |
| 7    39    129  | 14  6  8  | 234  1234  5    |
| 48   68    1268 | 14  3  5  | 9    1248  7    |
:-----------------+-----------+-----------------:
| 6    59    3    | 59  2  4  | 1    7     8    |
| 58   1     89   | 59  7  3  | 24   6     24   |
| 2    4     7    | 6   8  1  | 5    39    39   |
:-----------------+-----------+-----------------:
| 9    2678  4    | 3   1  67 | 278  5     26   |
| 3    678   68   | 2   5  67 | 478  149   1469 |
| 1    267   5    | 8   4  9  | 237  23    236  |
'-----------------'-----------'-----------------'

