000000830004090000607200001010029700005000200003780010500002607000010300049000000
:0000:x:00+200083+6004090+5+7+260720000101002970000500020000378001050+1002607000010300049000+100:::
.----------------.--------------------.-----------------.
| 19    59    2  | 145    457   1457  | 8   3      6    |
| 138   38    4  | 1368   9     1368  | 5   7      2    |
| 6     3589  7  | 2      345   3458  | 49  49     1    |
:----------------+--------------------+-----------------:
| 48    1     68 | 3456   2     9     | 7   4568   3458 |
| 4789  6789  5  | 1346   346   1346  | 2   4689   3489 |
| 249   269   3  | 7      8     456   | 49  1      459  |
:----------------+--------------------+-----------------:
| 5     38    1  | 3489   34    2     | 6   489    7    |
| 278   2678  68 | 45689  1     45678 | 3   24589  4589 |
| 2378  4     9  | 3568   3567  35678 | 1   258    58   |
'----------------'--------------------'-----------------'

