39..217..7..3....5.........8.....29...26.48...19.....7.........1....6..3..351..84
:0000:x:39+5+4217+6+87..3+6...5...+7+5.+3..8+3+4+1+7+529+6+5+726+948+3+1+619.....7.........1....6..3..351+7.84:::
.-----------------.----------------.----------------.
| 3    9      5   | 4    2    1    | 7     6     8  |
| 7    248    18  | 3    6    89   | 149   124   5  |
| 24   2468   168 | 7    5    89   | 3     124   29 |
:-----------------+----------------+----------------:
| 8    3      4   | 1    7    5    | 2     9     6  |
| 5    7      2   | 6    9    4    | 8     3     1  |
| 6    1      9   | 28   38   238  | 45    45    7  |
:-----------------+----------------+----------------:
| 249  24568  678 | 289  348  2389 | 1569  1257  29 |
| 1    2458   78  | 289  48   6    | 59    257   3  |
| 29   26     3   | 5    1    7    | 69    8     4  |
'-----------------'----------------'----------------'

