7.31..45.........3.18..36.71...9.7.....254.....4.6...22.14..83.3.........45..92.1
:0000:x:7.31.+645......+7..3.18..36.71..+39+87.....254.....4+76+1..22.14+7+583.3...+1+2....45.+392+71:::
.------------------.-------------.-----------------.
| 7     29     3   | 1    28   6 | 4    5     89   |
| 4569  2569   269 | 589  248  7 | 19   1289  3    |
| 459   1      8   | 59   24   3 | 6    29    7    |
:------------------+-------------+-----------------:
| 1     256    26  | 3    9    8 | 7    46    456  |
| 689   36789  679 | 2    5    4 | 139  1689  689  |
| 589   3589   4   | 7    6    1 | 359  89    2    |
:------------------+-------------+-----------------:
| 2     69     1   | 4    7    5 | 8    3     69   |
| 3     6789   679 | 68   1    2 | 59   469   4569 |
| 68    4      5   | 68   3    9 | 2    7     1    |
'------------------'-------------'-----------------'

