8....3.72.91..8......1...58.8........1.796.4........1.93...2......3..72.17.8....6
:0000:x:8..+9.3+172+791+5+28....+2.1.+7+958.8..+3+1...+21.796+84.....+8+5.1.93.+6+72.+8+1..+83+1.72.17+28+5...6:::
.-----------------.------------.--------------.
| 8    456  456   | 9   46  3  | 1    7   2   |
| 7    9    1     | 5   2   8  | 346  36  34  |
| 346  2    346   | 1   46  7  | 9    5   8   |
:-----------------+------------+--------------:
| 456  8    45679 | 24  3   1  | 256  69  579 |
| 2    1    35    | 7   9   6  | 8    4   35  |
| 346  46   34679 | 24  8   5  | 236  1   379 |
:-----------------+------------+--------------:
| 9    3    45    | 6   7   2  | 45   8   1   |
| 456  456  8     | 3   1   49 | 7    2   459 |
| 1    7    2     | 8   5   49 | 34   39  6   |
'-----------------'------------'--------------'

