006070900010002003300890000200004005030000001007000860000900000000060100500007004
:0000:x:006070900010002003300890000200004005030000001007000860000900000000060100500007004:::
.---------------------.--------------------.---------------------.
| 48     2458   6     | 1345  7       135  | 9      12458   28   |
| 4789   1      4589  | 456   45      2    | 4567   4578    3    |
| 3      2457   245   | 8     9       156  | 24567  12457   267  |
:---------------------+--------------------+---------------------:
| 2      689    189   | 1367  138     4    | 37     379     5    |
| 4689   3      4589  | 2567  258     5689 | 247    2479    1    |
| 149    459    7     | 1235  1235    1359 | 8      6       29   |
:---------------------+--------------------+---------------------:
| 14678  24678  12348 | 9     123458  1358 | 23567  23578   2678 |
| 4789   24789  23489 | 2345  6       358  | 1      235789  2789 |
| 5      2689   12389 | 123   1238    7    | 236    2389    4    |
'---------------------'--------------------'---------------------'

