000450000008000030000600000000070000000001780460000000000000020000900504003008000
:0000:x:000450000+6+58000+43000+46+800+5000007+6+9+4+50000+4178+646+7+8+9+50+1000000+40200009+305040+43+508000:224 129 171 871 172 872 173 177 677 179 779 979 191 991 195::
.-------------------.--------------.------------------.
| 12379  12379  129 | 4   5   2379 | 1268  679  12789 |
| 6      5      8   | 17  12  279  | 4     3    279   |
| 12379  12379  4   | 6   8   2379 | 12    5    1279  |
:-------------------+--------------+------------------:
| 1238   1238   12  | 23  7   6    | 9     4    5     |
| 2359   239    259 | 23  4   1    | 7     8    6     |
| 4      6      7   | 8   9   5    | 23    1    23    |
:-------------------+--------------+------------------:
| 579    79     569 | 17  16  4    | 38    2    38    |
| 1278   1278   126 | 9   3   27   | 5     67   4     |
| 27     4      3   | 5   26  8    | 16    679  179   |
'-------------------'--------------'------------------'

