300008090000100003007040002040007060060500070050030901006000000000700680900001004
:0000:x:3+10+2+7809+6000100+7030+97040+8+1204000706+506050007+8+750030901006+900+10+700+170068+99+70001004:421 243 843 253 393 397::
.-----------------.-----------------.-------------.
| 3     1    45   | 2    7     8    | 45   9    6 |
| 2568  28   2458 | 1    569   569  | 7    45   3 |
| 56    9    7    | 36   4     356  | 8    1    2 |
:-----------------+-----------------+-------------:
| 128   4    39   | 8    1289  7    | 23   6    5 |
| 12    6    39   | 5    129   249  | 234  7    8 |
| 7     5    28   | 468  3     246  | 9    24   1 |
:-----------------+-----------------+-------------:
| 2458  238  6    | 9    258   2345 | 1    235  7 |
| 245   23   1    | 7    25    2345 | 6    8    9 |
| 9     7    258  | 368  2568  1    | 25   235  4 |
'-----------------'-----------------'-------------'

