000000000000000000000000000000000000000000000000000000000000000000000000000000000
:0000:x:000000000000000000000000000000000000+2+10000000000000000+4+2+7+8+3+6+1+9+5+1+3+5+2+9+7+8+4+6000000000:311 511 611 711 811 911 412 512 612 712 812 912 113 213 313 413 613 813 913 114 314 414 514 614 714 914 115 215 415 515 615 715 815 116 216 316 416 516 816 916 217 317 417 517 617 717 917 118 218 318 518 618 718 818 119 219 319 419 719 819 919 321 521 621 721 821 921 422 522 622 722 822 922 123 223 323 423 623 823 923 124 324 424 524 624 724 924 125 225 425 525 625 725 825 126 226 326 426 526 826 926 227 327 427 527 627 727 927 128 228 328 528 628 728 828 129 229 329 429 729 829 929 331 531 631 731 831 931 432 532 632 732 832 932 133 233 333 433 633 833 933 134 334 434 534 634 734 934 135 235 435 535 635 735 835 136 236 336 436 536 836 936 237 337 437 537 637 737 937 138 238 338 538 638 738 838 139 239 339 439 739 839 939 341 541 641 741 841 941 442 542 642 742 842 942 343 443 643 843 943 144 344 444 544 644 744 944 145 245 445 545 645 745 845 146 246 346 446 546 846 946 247 347 447 547 647 747 947 148 248 348 548 648 748 848 149 249 349 449 749 849 949 353 453 653 853 953 354 454 554 654 754 954 455 555 655 755 855 356 456 556 856 956 357 457 557 657 757 957 358 558 658 758 858 359 459 759 859 959 361 561 661 761 861 961 462 562 662 762 862 962 363 463 663 863 963 164 364 464 564 664 764 964 165 265 465 565 665 765 865 166 266 366 466 566 866 966 267 367 467 567 667 767 967 168 268 368 568 668 768 868 169 269 369 469 769 869 969 691 891 991 692 892 992 693 893 993 194 494 594 195 495 595 196 496 596 297 397 797 298 398 798 299 399 799::
.---------.---------.---------.
| 0  0  0 | 0  0  0 | 0  0  0 |
| 0  0  0 | 0  0  0 | 0  0  0 |
| 0  0  0 | 0  0  0 | 0  0  0 |
:---------+---------+---------:
| 0  0  0 | 0  0  0 | 0  0  0 |
| 2  1  0 | 0  0  0 | 0  0  0 |
| 0  0  0 | 0  0  0 | 0  0  0 |
:---------+---------+---------:
| 4  2  7 | 8  3  6 | 1  9  5 |
| 1  3  5 | 2  9  7 | 8  4  6 |
| 0  0  0 | 0  0  0 | 0  0  0 |
'---------'---------'---------'

