000437000007000200010502070702040305100203008309070104020309040004000600000764000
:0000:x:+200437000+407000200010502+4707020403051+40203+7083090701+2402030904+70+740+2060000076400+2:812 618 918 622 822 128 628 928 129 629 573 988 592 892 593 398 998::
.---------------.----------------.----------------.
| 2    569  568 | 4     3    7   | 589  158   169 |
| 4    359  7   | 1689  189  168 | 2    358   39  |
| 689  1    368 | 5     89   2   | 4    7     369 |
:---------------+----------------+----------------:
| 7    68   2   | 1689  4    168 | 3    69    5   |
| 1    4    56  | 2     59   3   | 7    69    8   |
| 3    568  9   | 68    7    568 | 1    2     4   |
:---------------+----------------+----------------:
| 568  2    168 | 3     158  9   | 58   4     7   |
| 589  7    4   | 18    2    158 | 6    1358  139 |
| 589  39   138 | 7     6    4   | 589  158   2   |
'---------------'----------------'----------------'

