000012000000300400300400150006041007400000300000000005017004006002000000000820900
:0000:x:00+40120000003004003004001500+360410074000003000000000+45017004006002+10000000+3820900:521 153 554 665 666::
.----------------------.--------------------.------------------.
| 56789   56789   4    | 5679  1      2     | 678  36789  389  |
| 126789  256789  1589 | 3     56789  56789 | 4    26789  289  |
| 3       26789   89   | 4     6789   6789  | 1    5      289  |
:----------------------+--------------------+------------------:
| 2589    3       6    | 259   4      1     | 28   289    7    |
| 4       25789   589  | 2679  56789  56789 | 3    12689  1289 |
| 12789   2789    189  | 2679  3789   3789  | 268  4      5    |
:----------------------+--------------------+------------------:
| 589     1       7    | 59    359    4     | 258  238    6    |
| 5689    45689   2    | 1     35679  35679 | 578  378    348  |
| 56      456     3    | 8     2      567   | 9    17     14   |
'----------------------'--------------------'------------------'

