005023608000600900600900050000092800100000300006000001000009080437200000800030702
:0000:x:0050236+1800+86009+3060+3900+250+30+4+192800100+8003000+86+300001+50000908+3437200000800+530702:712 722 732 749 252 952 755 756 658 459 659 759 761 468 768 172 192 998::
.-------------.----------------.---------------.
| 79  49   5  | 47  2     3    | 6   1     8   |
| 27  124  8  | 6   1457  1457 | 9   3     47  |
| 6   14   3  | 9   1478  1478 | 2   5     47  |
:-------------+----------------+---------------:
| 3   57   4  | 1   9     2    | 8   67    56  |
| 1   57   29 | 8   456   456  | 3   2479  59  |
| 29  8    6  | 3   457   457  | 45  29    1   |
:-------------+----------------+---------------:
| 5   26   12 | 47  1467  9    | 14  8     3   |
| 4   3    7  | 2   168   168  | 15  69    569 |
| 8   69   19 | 5   3     146  | 7   46    2   |
'-------------'----------------'---------------'

