000060000064020050789530062900006270842000630076200009090005006000600000650092083
:0000:x:000060000064020050789530062900006270842000630076200009090005006000600000650092083:414 117 417 717 127 727 466 167 467 371 486 187 487 787 789::
.-----------------.--------------------.-----------------.
| 1235  123  135  | 1789   6     14789 | 389  149   1478 |
| 13    6    4    | 1789   2     1789  | 389  5     178  |
| 7     8    9    | 5      3     14    | 14   6     2    |
:-----------------+--------------------+-----------------:
| 9     13   135  | 1348   1458  6     | 2    7     1458 |
| 8     4    2    | 179    157   179   | 6    3     15   |
| 135   7    6    | 2      1458  138   | 58   14    9    |
:-----------------+--------------------+-----------------:
| 124   9    1378 | 13478  1478  5     | 147  124   6    |
| 1234  123  1378 | 6      1478  1378  | 59   1249  145  |
| 6     5    17   | 147    9     2     | 147  8     3    |
'-----------------'--------------------'-----------------'

