046210009090007100570306004400000000000700000050900420600000000030000012000060075
:0000:x:+34621+8+7+590900071+6+357+13+96+2+84400+60000+70+6070000+105090042+66000000+4+8030000+612000060075:347 947 355 356 357 957 863 273 176 883 885 293 893 196::
.-----------------.-----------------.-----------.
| 3     4    6    | 2    1     8    | 7   5   9 |
| 28    9    28   | 45   45    7    | 1   6   3 |
| 5     7    1    | 3    9     6    | 2   8   4 |
:-----------------+-----------------+-----------:
| 4     128  2389 | 6    2358  1235 | 58  39  7 |
| 289   6    2389 | 7    2458  245  | 58  39  1 |
| 178   5    37   | 9    38    13   | 4   2   6 |
:-----------------+-----------------+-----------:
| 6     12   579  | 15   2357  2359 | 39  4   8 |
| 789   3    4579 | 458  457   459  | 6   1   2 |
| 1289  128  49   | 148  6     2349 | 39  7   5 |
'-----------------'-----------------'-----------'

