000000000000000000000000000000000000000000000000000000000000000000000000000000000
:0000:x:000000000000000000000000000000000000+2+10000000000000000+3+2+5+8+6+7+4+9+1+1+4+6+3+9+2+8+7+5000000000:411 511 611 711 811 911 312 512 612 712 812 912 113 213 313 413 713 813 913 114 214 414 514 614 714 914 115 215 315 415 515 715 815 116 316 416 516 616 816 916 117 217 317 517 617 717 917 118 218 318 418 518 618 818 219 319 419 619 719 819 919 421 521 621 721 821 921 322 522 622 722 822 922 123 223 323 423 723 823 923 124 224 424 524 624 724 924 125 225 325 425 525 725 825 126 326 426 526 626 826 926 127 227 327 527 627 727 927 128 228 328 428 528 628 828 229 329 429 629 729 829 929 431 531 631 731 831 931 332 532 632 732 832 932 133 233 333 433 733 833 933 134 234 434 534 634 734 934 135 235 335 435 535 735 835 136 336 436 536 636 836 936 137 237 337 537 637 737 937 138 238 338 438 538 638 838 239 339 439 639 739 839 939 441 541 641 741 841 941 342 542 642 742 842 942 343 443 743 843 943 144 244 444 544 644 744 944 145 245 345 445 545 745 845 146 346 446 546 646 846 946 147 247 347 547 647 747 947 148 248 348 448 548 648 848 249 349 449 649 749 849 949 353 453 753 853 953 454 554 654 754 954 355 455 555 755 855 356 456 556 656 856 956 357 557 657 757 957 358 458 558 658 858 359 459 659 759 859 959 461 561 661 761 861 961 362 562 662 762 862 962 363 463 763 863 963 164 264 464 564 664 764 964 165 265 365 465 565 765 865 166 366 466 566 666 866 966 167 267 367 567 667 767 967 168 268 368 468 568 668 868 269 369 469 669 769 869 969 791 891 991 792 892 992 793 893 993 194 494 594 195 495 595 196 496 596 297 397 697 298 398 698 299 399 699::
.---------.---------.---------.
| 0  0  0 | 0  0  0 | 0  0  0 |
| 0  0  0 | 0  0  0 | 0  0  0 |
| 0  0  0 | 0  0  0 | 0  0  0 |
:---------+---------+---------:
| 0  0  0 | 0  0  0 | 0  0  0 |
| 2  1  0 | 0  0  0 | 0  0  0 |
| 0  0  0 | 0  0  0 | 0  0  0 |
:---------+---------+---------:
| 3  2  5 | 8  6  7 | 4  9  1 |
| 1  4  6 | 3  9  2 | 8  7  5 |
| 0  0  0 | 0  0  0 | 0  0  0 |
'---------'---------'---------'

