000000000000000000000000000000000000000000000000000000000000000000000000000000000
:0000:x:000000000000000000000000000000000000+1+20000000000000000+2+3+8+5+9+4+6+7+1+4+1+5+6+7+8+9+3+2000000000:311 511 611 711 811 911 412 512 612 712 812 912 113 213 313 413 613 713 913 114 214 314 414 714 814 914 115 215 315 415 515 615 815 116 216 316 516 616 716 916 117 217 317 417 517 717 817 118 218 418 518 618 818 918 319 419 519 619 719 819 919 321 521 621 721 821 921 422 522 622 722 822 922 123 223 323 423 623 723 923 124 224 324 424 724 824 924 125 225 325 425 525 625 825 126 226 326 526 626 726 926 127 227 327 427 527 727 827 128 228 428 528 628 828 928 329 429 529 629 729 829 929 331 531 631 731 831 931 432 532 632 732 832 932 133 233 333 433 633 733 933 134 234 334 434 734 834 934 135 235 335 435 535 635 835 136 236 336 536 636 736 936 137 237 337 437 537 737 837 138 238 438 538 638 838 938 339 439 539 639 739 839 939 341 541 641 741 841 941 442 542 642 742 842 942 343 443 643 743 943 144 244 344 444 744 844 944 145 245 345 445 545 645 845 146 246 346 546 646 746 946 147 247 347 447 547 747 847 148 248 448 548 648 848 948 349 449 549 649 749 849 949 353 453 653 753 953 354 454 754 854 954 355 455 555 655 855 356 556 656 756 956 357 457 557 757 857 458 558 658 858 958 359 459 559 659 759 859 959 361 561 661 761 861 961 462 562 662 762 862 962 363 463 663 763 963 164 264 364 464 764 864 964 165 265 365 465 565 665 865 166 266 366 566 666 766 966 167 267 367 467 567 767 867 168 268 468 568 668 868 968 369 469 569 669 769 869 969 691 791 991 692 792 992 693 793 993 194 294 394 195 295 395 196 296 396 497 597 897 498 598 898 499 599 899::
.---------.---------.---------.
| 0  0  0 | 0  0  0 | 0  0  0 |
| 0  0  0 | 0  0  0 | 0  0  0 |
| 0  0  0 | 0  0  0 | 0  0  0 |
:---------+---------+---------:
| 0  0  0 | 0  0  0 | 0  0  0 |
| 1  2  0 | 0  0  0 | 0  0  0 |
| 0  0  0 | 0  0  0 | 0  0  0 |
:---------+---------+---------:
| 2  3  8 | 5  9  4 | 6  7  1 |
| 4  1  5 | 6  7  8 | 9  3  2 |
| 0  0  0 | 0  0  0 | 0  0  0 |
'---------'---------'---------'

