120000050073105000000023001000800410004502003000400580000017009091308000740000030
:0000:x:12000+4+35007310500+4+400023001000800410+8+1450200300040+15800000170+490913+4800+57400+50+130:715 632 641 543 643 955 661 663 271 671 672 673 299::
.-----------------.---------------.----------------.
| 1     2    689  | 679  689   4  | 3     5    678 |
| 69    7    3    | 1    689   5  | 2689  269  4   |
| 4     58   5689 | 679  2     3  | 6789  679  1   |
:-----------------+---------------+----------------:
| 2359  356  279  | 8    3679  69 | 4     1    267 |
| 8     1    4    | 5    67    2  | 679   679  3   |
| 239   36   279  | 4    3679  1  | 5     8    267 |
:-----------------+---------------+----------------:
| 35    358  258  | 26   1     7  | 268   4    9   |
| 26    9    1    | 3    4     8  | 267   267  5   |
| 7     4    268  | 269  5     69 | 1     3    68  |
'-----------------'---------------'----------------'

