000000085005910023012000070300520046000009300040030050001200000000100000608305000
:0000:x:00000+2+1850059100230120+5+30703+8052+10460000093+10+1400300500012000000001000006083050+9+1:613 713 913 931 751 652 752 259 677 783 983 687::
.-------------------.-------------------.-----------------.
| 479    3679   34  | 467   467    2    | 1      8   5    |
| 478    67     5   | 9     1      4678 | 46     2   3    |
| 48     1      2   | 468   5      3    | 469    7   49   |
:-------------------+-------------------+-----------------:
| 3      8      79  | 5     2      1    | 79     4   6    |
| 25     25     67  | 4678  4678   9    | 3      1   78   |
| 1      4      679 | 678   3      678  | 2789   5   2789 |
:-------------------+-------------------+-----------------:
| 4579   3579   1   | 2     46789  4678 | 4578   36  478  |
| 24579  23579  34  | 1     46789  4678 | 24578  36  2478 |
| 6      27     8   | 3     47     5    | 247    9   1    |
'-------------------'-------------------'-----------------'

