009804000100000500006000007000020800000406000200080450054008009007000000000610300
:0000:x:0098040001000005000060000070000208000004060002000804500540080090+170+40000000610300:311 229 329 629 331 137 138 341 541 641 351 551 881 981 289 689 296 996 298 898 299 899::
.------------------.--------------------.--------------------.
| 57   237    9    | 8      3567  4     | 126   1236    1236 |
| 1    23478  238  | 2379   3679  2379  | 5     234689  48   |
| 458  2348   6    | 12359  359   12359 | 29    23489   7    |
:------------------+--------------------+--------------------:
| 479  34679  135  | 13579  2     13579 | 8     13679   136  |
| 789  3789   1358 | 4      3579  6     | 1279  12379   123  |
| 2    3679   13   | 1379   8     1379  | 4     5       136  |
:------------------+--------------------+--------------------:
| 36   5      4    | 237    37    8     | 1267  1267    9    |
| 36   1      7    | 2359   4     2359  | 26    268     58   |
| 89   289    28   | 6      1     57    | 3     47      45   |
'------------------'--------------------'--------------------'

