000000012000000345000003670000087900000539000005420000081200000763000000490000000
:0000:x:000000+81200000+234500000367+90000879+50000539000+905420000+58120000076300000049+2+300000:715 725 251 252 858 859 884::
.------------------.-------------------.------------------.
| 36    3457  4679 | 679    4569  456  | 8     1    2     |
| 168   17    6789 | 16789  169   2    | 3     4    5     |
| 128   1245  48   | 18     145   3    | 6     7    9     |
:------------------+-------------------+------------------:
| 1236  1234  46   | 16     8     7    | 9     5    1346  |
| 168   147   4678 | 5      3     9    | 1247  26   1467  |
| 9     137   5    | 4      2     16   | 17    368  13678 |
:------------------+-------------------+------------------:
| 5     8     1    | 2      4679  46   | 47    369  3467  |
| 7     6     3    | 19     1459  1458 | 1245  289  148   |
| 4     9     2    | 3      1567  1568 | 157   68   1678  |
'------------------'-------------------'------------------'

