......5..4..9..8.7.9..78...5.....6...1.4.3.5...6.....2...83..6.8.7..9..3..1......
:0000:x:......5..4..9..8.7.9..78...5.....6...1.4+63.5...6.....2...83..6.8.7..9..3..1......:614 418 419 634 242 243 145 245 165 565 696::
.--------------------.-------------------.---------------------.
| 12367  23678  238  | 123   124   1246  | 5      1239    169  |
| 4      2356   235  | 9     125   1256  | 8      123     7    |
| 1236   9      235  | 1235  7     8     | 1234   1234    146  |
:--------------------+-------------------+---------------------:
| 5      3478   3489 | 127   89    127   | 6      134789  1489 |
| 279    1      289  | 4     6     3     | 79     5       89   |
| 379    3478   6    | 157   89    157   | 13479  134789  2    |
:--------------------+-------------------+---------------------:
| 29     245    2459 | 8     3     12457 | 12479  6       1459 |
| 8      2456   7    | 1256  1245  9     | 124    124     3    |
| 2369   23456  1    | 2567  245   2457  | 2479   24789   4589 |
'--------------------'-------------------'---------------------'

