..9..374..5......98.3.9...6..612.................643..1...3.5.23......1..276..9..
:0000:x:+6+19+2.374..5+2..+6.+398.3.9...6.+3612.......+3.........643..1...3.5.23....+2.1..276..9+8+3:725 825 441 952 853 855 157 457 558 758 459 559 859 761 962 863 764 768 472 872 774 482 882 483 484 884 485 595::
.-----------------.----------------.----------------.
| 6      1    9   | 2    58   3    | 7    4    58   |
| 47     5    2   | 478  14   6    | 18   3    9    |
| 8      47   3   | 457  9    157  | 12   25   6    |
:-----------------+----------------+----------------:
| 579    3    6   | 1    2    5789 | 48   579  4578 |
| 24579  478  145 | 3    57   5789 | 268  269  17   |
| 259    78   15  | 589  6    4    | 3    259  1578 |
:-----------------+----------------+----------------:
| 1      69   48  | 489  3    789  | 5    67   2    |
| 3      69   58  | 579  578  2    | 46   1    47   |
| 45     2    7   | 6    14   15   | 9    8    3    |
'-----------------'----------------'----------------'

