000000000000000000000000000000000000000000000000000000000000000000000000000000000
:0000:x:000000000000000000000000000000000000000000000000000000000000000000000000000000000:612 712 812 912 613 713 813 913 914 916 617 717 817 917 618 718 818 918 125 225 325 425 525 925 135 235 335 435 535 935::
.---------------------------------.---------------------------------.---------------------------------.
| 123456789  12345      12345     | 12345678   123456789  12345678  | 12345      12345      123456789 |
| 123456789  123456789  123456789 | 123456789  678        123456789 | 123456789  123456789  123456789 |
| 123456789  123456789  123456789 | 123456789  678        123456789 | 123456789  123456789  123456789 |
:---------------------------------+---------------------------------+---------------------------------:
| 123456789  123456789  123456789 | 123456789  123456789  123456789 | 123456789  123456789  123456789 |
| 123456789  123456789  123456789 | 123456789  123456789  123456789 | 123456789  123456789  123456789 |
| 123456789  123456789  123456789 | 123456789  123456789  123456789 | 123456789  123456789  123456789 |
:---------------------------------+---------------------------------+---------------------------------:
| 123456789  123456789  123456789 | 123456789  123456789  123456789 | 123456789  123456789  123456789 |
| 123456789  123456789  123456789 | 123456789  123456789  123456789 | 123456789  123456789  123456789 |
| 123456789  123456789  123456789 | 123456789  123456789  123456789 | 123456789  123456789  123456789 |
'---------------------------------'---------------------------------'---------------------------------'

