005460900090000700200700003000037690000040000047520000600002001003000020002075800
:0000:x:00546090+2090+200700200700003+5+2003769+4000040+200+94752+600+860+900200100300+4020+402075800:::
.------------------.-----------------.------------------.
| 1378  1378  5    | 4     6     138 | 9    18     2    |
| 138   9     1468 | 2     158   138 | 7    14568  56   |
| 2     168   1468 | 7     1589  189 | 145  14568  3    |
:------------------+-----------------+------------------:
| 5     2     18   | 18    3     7   | 6    9      4    |
| 138   1368  168  | 189   4     189 | 2    1357   57   |
| 9     4     7    | 5     2     6   | 13   13     8    |
:------------------+-----------------+------------------:
| 6     578   9    | 38    8     2   | 345  3457   1    |
| 178   1578  3    | 1689  189   4   | 5    2      5679 |
| 4     1     2    | 1369  7     5   | 8    36     69   |
'------------------'-----------------'------------------'

