300009640759020000000710090408000030000000000070000408090046000000090561031500004
:0000:x:3+1+2+8+5964+7759+62+4+8+1+3+80071+3+29+54080+7+5+130000+400+700070000408090+146+300000+390561+631500+904:::
.----------------.--------------.-------------.
| 3     1    2   | 8   5    9   | 6  4    7   |
| 7     5    9   | 6   2    4   | 8  1    3   |
| 8     46   46  | 7   1    3   | 2  9    5   |
:----------------+--------------+-------------:
| 4     26   8   | 29  7    5   | 1  3    269 |
| 1259  26   356 | 4   368  128 | 7  25   269 |
| 1259  7    356 | 29  36   12  | 4  25   8   |
:----------------+--------------+-------------:
| 25    9    57  | 1   4    6   | 3  278  2   |
| 2     248  47  | 3   9    278 | 5  6    1   |
| 6     3    1   | 5   8    278 | 9  278  4   |
'----------------'--------------'-------------'

