030100209000060050700000003001270800000509000003084700100000008020040000409001060
:0000:x:0301+50209000+360050700+4+90+60300127+38000005+190000+93+684700100000008+320040000409001060:::
.------------------.---------------.------------------.
| 68   3     468   | 1    5   78   | 2     478    9   |
| 289  148   248   | 3    6   278  | 14    5      147 |
| 7    158   258   | 4    9   28   | 6     18     3   |
:------------------+---------------+------------------:
| 56   456   1     | 2    7   3    | 8     49     456 |
| 268  4678  24678 | 5    1   9    | 34    234    246 |
| 25   9     3     | 6    8   4    | 7     12     125 |
:------------------+---------------+------------------:
| 1    567   567   | 79   23  2567 | 3459  23479  8   |
| 3    2     5678  | 789  4   5678 | 159   179    157 |
| 4    578   9     | 78   23  1    | 35    6      257 |
'------------------'---------------'------------------'

