000000800320700060000090300700120000100308005000046003001050000080004052009000000
:0000:x:+90000080032+47+8+1+56+900009030070012+90001003+78005+8+90+546003001050000+680+904052009000000:::
.-----------------.---------------.--------------------.
| 9    1567  567  | 246  36   235 | 8     1247   147   |
| 3    2     4    | 7    8    1   | 5     6      9     |
| 5    1567  5678 | 246  9    25  | 3     1247   147   |
:-----------------+---------------+--------------------:
| 7    3456  356  | 1    2    9   | 46    48     468   |
| 1    46    26   | 3    7    8   | 2469  249    5     |
| 8    9     2    | 5    4    6   | 127   127    3     |
:-----------------+---------------+--------------------:
| 24   347   1    | 268  5    237 | 4679  34789  4678  |
| 6    8     37   | 9    13   4   | 17    5      2     |
| 245  3457  9    | 268  136  237 | 1467  13478  14678 |
'-----------------'---------------'--------------------'

