000310008073690000000004003029000000004030900000000810200500000000043520600087000
:0000:x:000310008073690000000004003029000000004030900+3000008102005+600+8000004352+6600+287000:::
.--------------------.------------------.-------------------.
| 459   4569   256   | 3     1    25    | 2467  45679  8    |
| 1458  7      3     | 6     9    258   | 124   45     1245 |
| 1589  15689  12568 | 78    257  4     | 1267  5679   3    |
:--------------------+------------------+-------------------:
| 1578  2      9     | 1478  57   1568  | 3467  34567  457  |
| 1578  1568   4     | 178   3    12568 | 9     567    257  |
| 3     56     567   | 479   257  2569  | 8     1      2457 |
:--------------------+------------------+-------------------:
| 2     1349   17    | 5     6    19    | 1347  8      1479 |
| 1789  189    178   | 19    4    3     | 5     2      6    |
| 6     13459  15    | 2     8    7     | 134   349    149  |
'--------------------'------------------'-------------------'

