005238090000000600000700000026005001450090086100800450000007000004000000080519200
:0000:x:005238090000+900600000700000+826005+901450+19+208610080045+200000700000400+3000080519200:::
.---------------------.---------------.--------------------.
| 67     1467   5     | 2   3     8   | 17    9      47    |
| 237    1347   12378 | 9   45    14  | 6     12347  34578 |
| 2369   13469  12389 | 7   456   146 | 1358  1234   3458  |
:---------------------+---------------+--------------------:
| 8      2      6     | 34  47    5   | 9     37     1     |
| 4      5      37    | 1   9     2   | 37    8      6     |
| 1      379    379   | 8   67    6   | 4     5      2     |
:---------------------+---------------+--------------------:
| 23569  1369   1239  | 46  2468  7   | 1358  1346   34589 |
| 25679  1679   4     | 6   268   3   | 1578  167    5789  |
| 367    8      37    | 5   1     9   | 2     3467   347   |
'---------------------'---------------'--------------------'

