200007000530420008019050000000000075100000006640000000000060530700084092000700004
:0000:x:2000+17+4+5053+7420008+419050+7+2+30000+400751+700000+466400+7000000+406053+7700084092000700004:::
.--------------------.--------------------.----------------.
| 2    68     68     | 3689    1   7      | 4      5    9  |
| 5    3      7      | 4       2   69     | 169    16   8  |
| 4    1      9      | 68      5   68     | 7      2    3  |
:--------------------+--------------------+----------------:
| 389  289    238    | 123689  4   123689 | 12389  7    5  |
| 1    7      2358   | 23589   39  23589  | 2389   4    6  |
| 6    4      2358   | 123589  7   123589 | 12389  18   19 |
:--------------------+--------------------+----------------:
| 89   289    4      | 129     6   129    | 5      3    7  |
| 7    56     1356   | 135     8   4      | 16     9    2  |
| 389  25689  123568 | 7       39  12359  | 168    168  4  |
'--------------------'--------------------'----------------'

