....51.27....7...9.....36.1.......6416..3.9..9.....7............16425...3.9....5.
:0000:x:+4+9+3+651+827+6.+1.7+4+5+39.+7...36+41.+3+7...+26416+4+73+29+8+59...+4+67+1+3...+3...+7.+716425+3+9+83.9..+7.5.:::
.----------------.----------------.-----------.
| 4    9     3   | 6     5     1  | 8   2  7  |
| 6    28    1   | 28    7     4  | 5   3  9  |
| 258  7     258 | 289   89    3  | 6   4  1  |
:----------------+----------------+-----------:
| 58   3     7   | 1589  189   89 | 2   6  4  |
| 1    6     4   | 7     3     2  | 9   8  5  |
| 9    258   258 | 58    4     6  | 7   1  3  |
:----------------+----------------+-----------:
| 258  2458  258 | 3     1689  89 | 14  7  26 |
| 7    1     6   | 4     2     5  | 3   9  8  |
| 3    248   9   | 18    168   7  | 14  5  26 |
'----------------'----------------'-----------'

